MSTRG.783.1::NC_003197.2:3902696-3902897(-) 0.00269737 10 89 3 86 
MSTRG.38.1::NC_003197.2:252881-253115(-) 0.00236555 8 88 2 86 
MSTRG.75.1::NC_003197.2:452582-452792(+) 0.00405015 55 92 17 75 
MSTRG.875.1::NC_003197.2:4357906-4358057(+) 0.00122697 14 81 6 75 
MSTRG.944.1::NC_003197.2:4803925-4804068(-) 0.000919305 7 76 1 75 
MSTRG.386.1::NC_003197.2:1874743-1874912(-) 0.00117644 14 80 7 73 
MSTRG.590.1::NC_003197.2:2970338-2970692(-) 0.00335794 65 91 19 72 
MSTRG.840.1::NC_003197.2:4215427-4215625(-) 0.000771856 6 73 1 72 
MSTRG.146.1::NC_003197.2:797259-797535(-) 0.00662552 88 96 24 72 
MSTRG.564.1::NC_003197.2:2807240-2807391(+) 0.00122697 28 80 11 69 
MSTRG.445.1::NC_003197.2:2147152-2147307(-) 0.000894374 15 76 7 69 
MSTRG.870.1::NC_003197.2:4343095-4343330(+) 0.00133404 46 82 15 67 
MSTRG.795.1::NC_003197.2:3997664-3997840(-) 0.00279733 80 89 23 66 
MSTRG.233.1::NC_003197.2:1271533-1271898(-) 0.000728711 14 72 6 66 
MSTRG.17.1::NC_003197.2:142811-142969(+) 0.00739827 144 97 33 64 
MSTRG.534.1::NC_003197.2:2602993-2603230(-) 0.00210558 87 87 24 63 
MSTRG.253.1::NC_003197.2:1322489-1322700(-) 0.00238008 95 88 26 62 
MSTRG.542.1::NC_003197.2:2658127-2658361(-) 0.000646762 22 71 10 61 
MSTRG.939.1::NC_003197.2:4761047-4761299(+) 0.000811393 37 74 13 61 
MSTRG.7.1::NC_003197.2:56972-57150(+) 0.0020707 98 86 26 60 
MSTRG.809.1::NC_003197.2:4095381-4095604(+) 0.000797499 46 74 15 59 
MSTRG.391.1::NC_003197.2:1899776-1899973(+) 0.00232693 104 87 28 59 
MSTRG.913.1::NC_003197.2:4596407-4596922(+) 0.00223317 102 87 28 59 
MSTRG.707.1::NC_003197.2:3541650-3541939(-) 0.000387896 5 59 0 59 
MSTRG.378.1::NC_003197.2:1850370-1850533(-) 0.0003966 7 60 2 58 
MSTRG.74.1::NC_003197.2:451058-452087(+) 0.000950415 69 77 20 57 
MSTRG.106.1::NC_003197.2:560919-561082(+) 0.00115092 79 80 23 57 
MSTRG.488.1::NC_003197.2:2401784-2401942(-) 0.00688395 190 96 39 57 
MSTRG.915.1::NC_003197.2:4604117-4604585(+) 0.000579236 36 69 13 56 
MSTRG.314.1::NC_003197.2:1579564-1579730(-) 0.000438119 17 62 8 54 
MSTRG.562.1::NC_003197.2:2804744-2806219(-) 0.00940873 244 98 45 53 
MSTRG.570.1::NC_003197.2:2826475-2826659(+) 0.00240852 157 88 35 53 
MSTRG.532.1::NC_003197.2:2597659-2597893(+) 0.000664481 65 71 19 52 
MSTRG.796.1::NC_003197.2:4006218-4006420(-) 0.000834147 91 75 24 51 
MSTRG.508.1::NC_003197.2:2480401-2480653(-) 0.000393612 21 60 9 51 
MSTRG.5.1::NC_003197.2:47352-47557(+) 0.000367511 17 58 8 50 
MSTRG.744.1::NC_003197.2:3688710-3690824(+) 0.00109287 112 79 30 49 
MSTRG.362.1::NC_003197.2:1807826-1808160(-) 0.000635012 74 70 22 48 
MSTRG.374.1::NC_003197.2:1842992-1843212(+) 0.00269605 209 89 41 48 
MSTRG.623.1::NC_003197.2:3201162-3201418(-) 0.00135834 153 83 35 48 
MSTRG.399.1::NC_003197.2:1924157-1924313(+) 0.00152073 173 84 37 47 
MSTRG.197.1::NC_003197.2:1064980-1065121(+) 0.000222319 7 48 2 46 
MSTRG.673.1::NC_003197.2:3395016-3395268(+) 0.0030315 239 89 44 45 
MSTRG.932.1::NC_003197.2:4692401-4692655(-) 0.00021442 8 47 2 45 
MSTRG.688.1::NC_003197.2:3466032-3466147(-) 0.00177581 202 85 40 45 
MSTRG.95.1::NC_003197.2:510291-510607(+) 0.000786879 104 73 28 45 
MSTRG.681.1::NC_003197.2:3446726-3446971(-) 0.000638422 93 70 25 45 
MSTRG.224.1::NC_003197.2:1215238-1215400(-) 0.0003044 21 54 10 44 
MSTRG.545.1::NC_003197.2:2680218-2680555(-) 0.000259599 16 51 7 44 
MSTRG.617.1::NC_003197.2:3179670-3179916(-) 0.000414593 48 60 16 44 
MSTRG.690.1::NC_003197.2:3476781-3476996(-) 0.00115304 168 80 36 44 
MSTRG.364.1::NC_003197.2:1812783-1813074(+) 0.0011882 170 80 37 43 
MSTRG.404.1::NC_003197.2:1941097-1941426(-) 0.000457936 71 63 20 43 
MSTRG.422.1::NC_003197.2:2015008-2015162(-) 0.00538958 358 95 52 43 
MSTRG.480.1::NC_003197.2:2376115-2376274(-) 0.00578103 362 95 52 43 
MSTRG.892.1::NC_003197.2:4440389-4440554(+) 0.000872026 138 75 32 43 
MSTRG.639.1::NC_003197.2:3238755-3239015(+) 0.000293172 29 54 12 42 
MSTRG.611.1::NC_003197.2:3150036-3150296(-) 0.00018934 7 44 2 42 
MSTRG.387.1::NC_003197.2:1877761-1877923(+) 0.00133468 210 82 42 40 
MSTRG.621.1::NC_003197.2:3197482-3197733(-) 0.000189246 10 44 4 40 
MSTRG.343.1::NC_003197.2:1729040-1729233(+) 0.000463367 84 63 23 40 
MSTRG.516.1::NC_003197.2:2504272-2504429(-) 0.000246066 21 50 10 40 
MSTRG.231.1::NC_003197.2:1254755-1255108(+) 0.000204848 15 46 7 39 
MSTRG.184.1::NC_003197.2:1018717-1018988(+) 0.000804063 157 74 35 39 
MSTRG.731.1::NC_003197.2:3649995-3650283(+) 0.000596761 118 69 30 39 
MSTRG.19.1::NC_003197.2:150052-150467(+) 0.000284517 41 53 14 39 
MSTRG.367.1::NC_003197.2:1816049-1816456(-) 0.000301216 46 54 15 39 
MSTRG.187.1::NC_003197.2:1022694-1022899(+) 0.00672967 495 96 58 38 
MSTRG.567.1::NC_003197.2:2816454-2816712(-) 0.00240403 331 88 50 38 
MSTRG.83.1::NC_003197.2:478103-478583(+) 0.000227336 29 49 11 38 
MSTRG.788.1::NC_003197.2:3916158-3916593(-) 0.000438716 85 62 24 38 
MSTRG.107.1::NC_003197.2:561250-561469(-) 0.000353111 68 57 20 37 
MSTRG.792.1::NC_003197.2:3960889-3962535(-) 0.000351726 67 57 20 37 
MSTRG.463.1::NC_003197.2:2290406-2290627(-) 0.000216684 23 47 10 37 
MSTRG.383.1::NC_003197.2:1869618-1869774(+) 0.000390135 78 60 23 37 
MSTRG.249.1::NC_003197.2:1317000-1317148(-) 0.000812906 174 74 37 37 
MSTRG.592.1::NC_003197.2:2975802-2975963(-) 0.0030549 391 90 53 37 
MSTRG.583.1::NC_003197.2:2943376-2943558(+) 0.000142109 6 37 1 36 
MSTRG.798.1::NC_003197.2:4040593-4040838(-) 0.00184263 313 85 49 36 
MSTRG.524.1::NC_003197.2:2539545-2539837(-) 0.000234801 39 49 13 36 
MSTRG.584.1::NC_003197.2:2945734-2945886(-) 0.000169084 12 41 5 36 
MSTRG.31.1::NC_003197.2:219958-220280(+) 0.000149588 11 39 4 35 
MSTRG.164.1::NC_003197.2:864574-864767(+) 0.000158869 11 39 4 35 
MSTRG.428.1::NC_003197.2:2035296-2035991(-) 0.00426061 491 92 57 35 
MSTRG.136.1::NC_003197.2:731872-732108(-) 0.000988834 215 77 42 35 
MSTRG.507.1::NC_003197.2:2479434-2479584(-) 0.0016022 312 84 49 35 
MSTRG.953.1::NC_003197.2:4843796-4844043(+) 0.000557321 142 68 33 35 
MSTRG.535.1::NC_003197.2:2613051-2613374(+) 0.000589669 149 69 34 35 
MSTRG.105.1::NC_003197.2:542669-543082(+) 0.000521578 123 66 31 35 
MSTRG.48.1::NC_003197.2:287607-287755(-) 0.000146323 11 38 4 34 
MSTRG.728.1::NC_003197.2:3621607-3621846(-) 0.00440035 531 93 59 34 
MSTRG.442.1::NC_003197.2:2143869-2144140(-) 0.000122914 7 34 1 33 
MSTRG.266.1::NC_003197.2:1388502-1388720(+) 0.000426055 120 62 30 32 
MSTRG.663.1::NC_003197.2:3359258-3359562(-) 0.000248826 63 50 18 32 
MSTRG.317.1::NC_003197.2:1589733-1589866(+) 0.000132874 9 35 3 32 
MSTRG.748.1::NC_003197.2:3736117-3736322(-) 0.0196648 871 99 67 32 
MSTRG.835.1::NC_003197.2:4201328-4201443(+) 0.000545122 158.343 67 35 32 
MSTRG.319.1::NC_003197.2:1594001-1594193(-) 0.000413308 111 60 29 31 
MSTRG.305.1::NC_003197.2:1534623-1534973(-) 0.000676472 195 71 40 31 
MSTRG.569.1::NC_003197.2:2825055-2825283(+) 0.00105348 273 78 47 31 
MSTRG.818.1::NC_003197.2:4134372-4134614(+) 0.000187345 34 43 12 31 
MSTRG.661.1::NC_003197.2:3358077-3358299(-) 0.000525646 151 66 35 31 
MSTRG.200.1::NC_003197.2:1075181-1075465(+) 0.000180655 26 42 11 31 
MSTRG.631.1::NC_003197.2:3220761-3220924(-) 0.000559906 179 68 38 30 
MSTRG.645.1::NC_003197.2:3269812-3269971(+) 0.000717699 215 72 42 30 
MSTRG.183.1::NC_003197.2:1018259-1018475(-) 0.000967586 277 77 47 30 
MSTRG.933.1::NC_003197.2:4699460-4699655(+) 0.00927806 892 97 67 30 
MSTRG.73.1::NC_003197.2:440207-440442(+) 0.0001006 4 30 0 30 
MSTRG.951.1::NC_003197.2:4835701-4836175(+) 0.00045274 141 63 33 30 
MSTRG.889.1::NC_003197.2:4400177-4400422(-) 0.000355528 100 57 27 30 
MSTRG.634.1::NC_003197.2:3225575-3225851(+) 0.000127505 10 34 4 30 
MSTRG.626.1::NC_003197.2:3208584-3208704(-) 0.000149424 17 38 8 30 
MSTRG.824.1::NC_003197.2:4153567-4154098(+) 0.000155704 20 39 9 30 
MSTRG.682.1::NC_003197.2:3448059-3448910(-) 0.0072127 926 96 68 28 
MSTRG.130.1::NC_003197.2:698008-698311(-) 0.00131897 399 82 54 28 
MSTRG.52.1::NC_003197.2:300319-300722(-) 0.000704804 229 71 43 28 
MSTRG.655.1::NC_003197.2:3345003-3345359(-) 0.000172602 37 41 13 28 
MSTRG.813.1::NC_003197.2:4108724-4108859(+) 0.000422894 148 61 34 27 
MSTRG.741.1::NC_003197.2:3679868-3680036(-) 0.00206576 524 86 59 27 
MSTRG.278.1::NC_003197.2:1424254-1424486(+) 8.17568e-05 6 27 1 26 
MSTRG.891.1::NC_003197.2:4439637-4439823(-) 9.01701e-05 9 29 3 26 
MSTRG.135.1::NC_003197.2:730855-731089(-) 0.000119607 17 33 7 26 
MSTRG.647.1::NC_003197.2:3272357-3272508(+) 0.000419752 155 61 35 26 
MSTRG.557.1::NC_003197.2:2783628-2783835(+) 0.000266414 95 51 25 26 
MSTRG.568.1::NC_003197.2:2818212-2818603(-) 0.000314466 106 55 29 26 
MSTRG.632.1::NC_003197.2:3221888-3222288(+) 7.82073e-05 4 25 0 25 
MSTRG.789.1::NC_003197.2:3925477-3925839(+) 0.000204027 73 46 21 25 
MSTRG.770.1::NC_003197.2:3840098-3840268(-) 0.00027959 104 53 28 25 
MSTRG.842.1::NC_003197.2:4235784-4236100(+) 0.000125155 22 34 10 24 
MSTRG.424.1::NC_003197.2:2021110-2021557(-) 0.0068973 1323 96 72 24 
MSTRG.759.1::NC_003197.2:3803353-3803788(-) 8.47221e-05 8 27 3 24 
MSTRG.743.1::NC_003197.2:3686316-3686639(-) 0.000219584 88 48 24 24 
MSTRG.820.1::NC_003197.2:4140918-4141356(+) 0.00596205 1138 95 71 24 
MSTRG.311.1::NC_003197.2:1557224-1557456(+) 0.00127631 506 81 58 23 
MSTRG.864.1::NC_003197.2:4305787-4306019(+) 0.00905683 1398 97 74 23 
MSTRG.402.1::NC_003197.2:1936601-1937072(-) 0.000797669 348 74 51 23 
MSTRG.828.1::NC_003197.2:4179276-4179420(+) 0.000172071 59 41 18 23 
MSTRG.523.1::NC_003197.2:2531070-2531740(-) 0.000727614 303 72 49 23 
MSTRG.252.1::NC_003197.2:1319586-1319779(-) 0.000165488 58 40 17 23 
MSTRG.625.1::NC_003197.2:3205468-3205965(+) 0.000341706 143 56 33 23 
MSTRG.464.1::NC_003197.2:2290915-2291167(-) 0.000383254 172 59 37 22 
MSTRG.683.1::NC_003197.2:3451261-3451454(-) 0.00219768 767 87 65 22 
MSTRG.46.1::NC_003197.2:283918-284239(-) 0.00083779 371 75 53 22 
MSTRG.461.1::NC_003197.2:2274692-2274902(-) 8.06573e-05 10 26 4 22 
MSTRG.918.1::NC_003197.2:4612932-4613235(+) 0.000642252 298 70 48 22 
MSTRG.149.1::NC_003197.2:807762-808022(+) 0.00111466 484 79 57 22 
MSTRG.787.1::NC_003197.2:3915464-3915886(-) 0.000271374 121 52 31 21 
MSTRG.294.1::NC_003197.2:1488435-1488917(+) 5.39674e-05 4 21 0 21 
MSTRG.730.1::NC_003197.2:3642338-3643118(-) 0.000992716 450 77 56 21 
MSTRG.306.1::NC_003197.2:1535626-1535781(-) 0.00461561 1216 93 72 21 
MSTRG.879.1::NC_003197.2:4368666-4368817(+) 0.00462534 1375 94 73 21 
MSTRG.662.1::NC_003197.2:3358932-3359235(+) 0.000701778 321 71 50 21 
MSTRG.556.1::NC_003197.2:2779652-2780147(-) 0.000344238 166 56 36 20 
MSTRG.112.1::NC_003197.2:623154-623679(-) 0.000192497 93 45 25 20 
MSTRG.753.1::NC_003197.2:3767387-3767513(-) 0.000366144 176 58 38 20 
MSTRG.185.1::NC_003197.2:1020130-1020394(+) 0.000192051 92 44 24 20 
MSTRG.854.1::NC_003197.2:4278695-4278974(+) 0.000175453 74 42 22 20 
MSTRG.585.1::NC_003197.2:2946940-2947210(+) 0.000171768 73 41 21 20 
MSTRG.528.1::NC_003197.2:2557199-2557418(-) 0.00105406 523 78 58 20 
MSTRG.65.1::NC_003197.2:415769-415960(+) 0.00013425 47 35 15 20 
MSTRG.14.1::NC_003197.2:107571-108205(-) 0.000245796 117 50 30 20 
MSTRG.656.1::NC_003197.2:3346649-3347419(-) 0.00019439 98 45 26 19 
MSTRG.405.1::NC_003197.2:1942931-1943400(-) 0.00063106 342 70 51 19 
MSTRG.91.1::NC_003197.2:503192-503470(+) 0.003413 1157 91 72 19 
MSTRG.304.1::NC_003197.2:1524939-1527203(+) 0.000519956 261 66 47 19 
MSTRG.550.1::NC_003197.2:2708575-2708728(-) 0.000128485 52 35 16 19 
MSTRG.423.1::NC_003197.2:2018486-2018746(-) 0.0206106 2183 99 80 19 
MSTRG.786.1::NC_003197.2:3913704-3914089(-) 0.00035845 203 58 40 18 
MSTRG.563.1::NC_003197.2:2806609-2806863(+) 0.0010453 563 78 60 18 
MSTRG.819.1::NC_003197.2:4139974-4140202(+) 0.000195442 100 45 27 18 
MSTRG.398.1::NC_003197.2:1920871-1921092(-) 0.00024248 131 50 32 18 
MSTRG.98.1::NC_003197.2:516260-516622(+) 9.9305e-05 38 30 13 17 
MSTRG.236.1::NC_003197.2:1281301-1281720(+) 0.00207264 993 86 69 17 
MSTRG.526.1::NC_003197.2:2544599-2544822(+) 0.00692007 1944 96 79 17 
MSTRG.654.1::NC_003197.2:3343572-3343789(+) 0.000570373 351 68 51 17 
MSTRG.914.1::NC_003197.2:4601113-4601628(+) 9.17355e-05 35 29 12 17 
MSTRG.572.1::NC_003197.2:2843943-2844319(+) 0.000275056 164 53 36 17 
MSTRG.812.1::NC_003197.2:4106492-4106710(+) 0.00361081 1648 92 76 16 
MSTRG.529.1::NC_003197.2:2580423-2580626(-) 0.001342 804 82 66 16 
MSTRG.340.1::NC_003197.2:1711064-1711325(-) 0.000192397 105 44 28 16 
MSTRG.66.1::NC_003197.2:424024-424327(-) 0.000369687 218 58 42 16 
MSTRG.299.1::NC_003197.2:1508925-1509076(-) 0.000193732 107 45 29 16 
MSTRG.694.1::NC_003197.2:3486468-3486766(+) 0.00035101 208 57 41 16 
MSTRG.802.1::NC_003197.2:4071211-4071578(-) 0.000438942 257 62 46 16 
MSTRG.229.1::NC_003197.2:1247660-1247960(-) 0.00100568 667 78 62 16 
MSTRG.196.1::NC_003197.2:1057191-1057559(-) 0.00882571 2218 97 81 16 
MSTRG.21.1::NC_003197.2:154698-155351(+) 0.000915574 587 76 60 16 
MSTRG.173.1::NC_003197.2:918133-918543(+) 5.36802e-05 12 20 5 15 
MSTRG.443.1::NC_003197.2:2145534-2145731(+) 8.99916e-05 39 29 14 15 
MSTRG.514.1::NC_003197.2:2501096-2501577(-) 5.3507e-05 12 20 5 15 
MSTRG.300.1::NC_003197.2:1511197-1511525(+) 0.00136942 904 83 68 15 
MSTRG.537.1::NC_003197.2:2641612-2642150(-) 5.11335e-05 13 20 5 15 
MSTRG.774.1::NC_003197.2:3872421-3873337(-) 0.00018939 110 44 29 15 
MSTRG.211.1::NC_003197.2:1148076-1148402(+) 0.000420022 255 61 46 15 
MSTRG.691.1::NC_003197.2:3478196-3479711(-) 0.000536557 391 67 53 14 
MSTRG.111.1::NC_003197.2:599988-600366(+) 0.000359631 234 58 44 14 
MSTRG.318.1::NC_003197.2:1591487-1591768(+) 8.93071e-05 45 29 15 14 
MSTRG.159.1::NC_003197.2:856470-858347(+) 7.99131e-05 33 26 12 14 
MSTRG.736.1::NC_003197.2:3663808-3664474(+) 9.39052e-05 46 29 15 14 
MSTRG.494.1::NC_003197.2:2431529-2431727(-) 0.00213058 1335 87 73 14 
MSTRG.261.1::NC_003197.2:1353981-1354576(+) 0.000111275 59 32 18 14 
MSTRG.670.1::NC_003197.2:3384689-3386129(+) 5.10366e-05 14 20 6 14 
MSTRG.491.1::NC_003197.2:2411889-2412241(-) 3.56635e-05 6 15 1 14 
MSTRG.489.1::NC_003197.2:2409182-2409380(+) 0.000216885 138 47 33 14 
MSTRG.379.1::NC_003197.2:1851020-1851346(+) 0.000209413 132 46 32 14 
MSTRG.415.1::NC_003197.2:1974955-1975358(-) 6.54776e-05 19 23 9 14 
MSTRG.206.1::NC_003197.2:1096929-1097201(-) 0.000133534 71 35 21 14 
MSTRG.51.1::NC_003197.2:298180-299060(+) 8.31019e-05 40 27 14 13 
MSTRG.627.1::NC_003197.2:3208967-3209198(-) 0.000271295 193 52 39 13 
MSTRG.769.1::NC_003197.2:3836297-3836711(+) 0.0117969 3522 99 86 13 
MSTRG.622.1::NC_003197.2:3197958-3198345(-) 0.000153856 100 39 26 13 
MSTRG.385.1::NC_003197.2:1870999-1871185(-) 0.000534084 409 67 54 13 
MSTRG.861.1::NC_003197.2:4297759-4298457(-) 0.00399189 1950 92 79 13 
MSTRG.790.1::NC_003197.2:3933728-3934001(+) 0.00516862 2579 94 82 12 
MSTRG.407.1::NC_003197.2:1950088-1950362(+) 4.87809e-05 15 19 7 12 
MSTRG.186.1::NC_003197.2:1021743-1022104(-) 0.00231912 1505 87 75 12 
MSTRG.830.1::NC_003197.2:4185293-4185640(+) 0.000368681 259 58 46 12 
MSTRG.168.1::NC_003197.2:879235-879668(+) 0.000471872 358 64 52 12 
MSTRG.853.1::NC_003197.2:4270583-4271116(+) 0.00436519 2321 93 81 12 
MSTRG.128.1::NC_003197.2:694511-695293(+) 0.000838789 671 75 63 12 
MSTRG.636.1::NC_003197.2:3231439-3231696(-) 0.00323835 2177 91 80 11 
MSTRG.885.1::NC_003197.2:4389057-4389282(+) 2.96124e-05 6 12 1 11 
MSTRG.825.1::NC_003197.2:4157194-4157634(+) 4.78652e-05 16 18 7 11 
MSTRG.533.1::NC_003197.2:2600249-2601804(-) 6.85609e-05 38 24 13 11 
MSTRG.713.1::NC_003197.2:3575057-3575787(-) 0.000728934 603 72 61 11 
MSTRG.174.1::NC_003197.2:921411-921648(+) 6.39347e-05 35 23 12 11 
MSTRG.213.1::NC_003197.2:1157580-1157792(+) 0.00456824 2422 93 82 11 
MSTRG.872.1::NC_003197.2:4349903-4350051(+) 0.000650324 567 71 60 11 
MSTRG.242.1::NC_003197.2:1296221-1296486(+) 0.000533162 430 66 55 11 
MSTRG.470.1::NC_003197.2:2314065-2314254(+) 0.00419096 2311 92 81 11 
MSTRG.429.1::NC_003197.2:2038280-2038736(-) 0.000479787 394 65 54 11 
MSTRG.899.1::NC_003197.2:4468727-4469051(+) 5.37235e-05 22 21 10 11 
MSTRG.615.1::NC_003197.2:3170980-3171391(+) 0.00017897 129 42 31 11 
