gene-STM0734::NC_003197.2:798724-800504(+) 2.90713e-11 14231 0 99 -99 
gene-STM1131::NC_003197.2:1220654-1221347(+) 1.96912e-06 10630 4 98 -94 
rna-STM2657::NC_003197.2:2796757-2799774(-) 2.34607e-06 3479.85 5 91 -86 
gene-STM1132::NC_003197.2:1221629-1222920(+) 1.45699e-06 2363 3 88 -85 
gene-STM1130::NC_003197.2:1219448-1220609(+) 3.85007e-06 5064 10 94 -84 
gene-STM3694::NC_003197.2:3888348-3889539(+) 4.70768e-06 4968 12 94 -82 
gene-STM1763::NC_003197.2:1856874-1858410(-) 4.91132e-06 4704 13 94 -81 
gene-STM3692::NC_003197.2:3885923-3887727(+) 3.11737e-06 2423 8 88 -80 
gene-STM1765::NC_003197.2:1862537-1863935(-) 6.23372e-06 4945.97 16 94 -78 
gene-STM1133::NC_003197.2:1222920-1224027(+) 7.15423e-06 7161 19 96 -77 
gene-STM1128::NC_003197.2:1216429-1217926(-) 7.45486e-06 5248 19 95 -76 
gene-STM4380::NC_003197.2:4622214-4622964(+) 1.63639e-06 1093 3 79 -76 
gene-STM1303::NC_003197.2:1382184-1383411(+) 1.37008e-06 1112 3 79 -76 
gene-STM3335::NC_003197.2:3504447-3504915(-) 3.24275e-06 1377 8 82 -74 
gene-STM2341::NC_003197.2:2454093-2455392(-) 7.19824e-06 4284 19 93 -74 
gene-STM2962::NC_003197.2:3113243-3114602(-) 4.62756e-06 1771 12 85 -73 
gene-STM1764::NC_003197.2:1858406-1862150(-) 1.09705e-05 7593.33 26 97 -71 
gene-STM2342::NC_003197.2:2454920-2456312(-) 9.29206e-06 4783 23 94 -71 
gene-STM0662::NC_003197.2:726612-727338(-) 3.19979e-06 931 8 77 -69 
gene-STM2913::NC_003197.2:3055555-3057999(-) 1.06567e-05 4061 26 93 -67 
gene-STM2064::NC_003197.2:2138078-2138671(-) 3.4817e-06 816 9 75 -66 
gene-STM3290::NC_003197.2:3458863-3460273(+) 1.32604e-06 578 2 68 -66 
gene-STM3249::NC_003197.2:3417375-3418146(-) 6.08506e-06 1434 16 82 -66 
gene-STM4275::NC_003197.2:4513729-4515688(-) 1.05813e-05 3975 26 92 -66 
gene-STM0159::NC_003197.2:188514-189357(-) 1.31225e-06 488 2 66 -64 
gene-STM3354::NC_003197.2:3522253-3523770(-) 3.01427e-06 667 7 71 -64 
gene-STM3310::NC_003197.2:3476952-3477588(-) 5.15254e-06 963 13 77 -64 
gene-STM3339::NC_003197.2:3508125-3509019(-) 1.8639e-05 13499 38 99 -61 
gene-STM4408::NC_003197.2:4645216-4646010(-) 4.65433e-06 674 12 72 -60 
gene-STM2941::NC_003197.2:3080849-3081921(-) 4.37759e-06 612 11 70 -59 
gene-STM0972::NC_003197.2:1054063-1055072(+) 2.1196e-06 436 5 63 -58 
gene-STM2976::NC_003197.2:3128225-3130001(+) 4.29728e-06 592 11 69 -58 
gene-STM0952::NC_003197.2:1029347-1030259(+) 1.61851e-06 372 3 60 -57 
gene-STM2960::NC_003197.2:3110545-3111886(-) 1.56783e-05 3324 34 91 -57 
gene-STM2556::NC_003197.2:2695259-2696450(+) 3.82364e-06 489 10 66 -56 
gene-STM4600::NC_003197.2:4856739-4857426(+) 3.29813e-06 449 8 64 -56 
gene-STM1554::NC_003197.2:1630397-1631864(-) 9.10404e-06 1120 23 79 -56 
gene-STM1382::NC_003197.2:1464796-1466023(-) 3.79406e-06 479 10 65 -55 
gene-STM2152::NC_003197.2:2247094-2247625(-) 7.45312e-06 783 19 74 -55 
gene-STM1533::NC_003197.2:1608895-1609957(-) 7.3679e-06 772 19 74 -55 
gene-STM0846::NC_003197.2:915713-916955(-) 6.61319e-06 695 17 72 -55 
gene-STM4183::NC_003197.2:4402051-4403653(+) 3.57965e-06 453 9 64 -55 
gene-STM3433::NC_003197.2:3592025-3592448(-) 1.25584e-05 1549 29 83 -54 
gene-STM0070::NC_003197.2:81724-82510(-) 6.89125e-06 678 18 72 -54 
gene-STM2238::NC_003197.2:2337822-2339154(+) 1.30167e-05 1699 30 84 -54 
gene-STM2832::NC_003197.2:2978311-2978875(+) 6.17996e-06 639 16 70 -54 
gene-STM0684::NC_003197.2:744133-744934(-) 1.82989e-05 3101 37 90 -53 
gene-STM2361::NC_003197.2:2472871-2474299(+) 4.37425e-06 457 11 64 -53 
gene-STM1358::NC_003197.2:1439607-1440410(-) 4.50862e-06 480 12 65 -53 
gene-STM2961::NC_003197.2:3111906-3113247(-) 1.11399e-05 1184 27 80 -53 
gene-STM3846::NC_003197.2:4052418-4053288(+) 2.59061e-06 351 6 59 -53 
gene-STM3273::NC_003197.2:3439538-3440063(-) 1.73112e-05 2499 36 89 -53 
gene-STM0463::NC_003197.2:520896-522183(+) 1.9684e-05 3272 39 91 -52 
gene-STM1506::NC_003197.2:1583465-1584538(+) 1.96936e-06 317 4 56 -52 
gene-STM2453::NC_003197.2:2562581-2563859(+) 1.14758e-06 292 2 54 -52 
gene-STM2344::NC_003197.2:2456685-2457129(-) 3.07293e-06 371 8 60 -52 
gene-STM3247::NC_003197.2:3415216-3416362(-) 5.90325e-06 512 15 67 -52 
gene-STM4028::NC_003197.2:4238223-4238776(+) 9.04965e-06 867 23 75 -52 
gene-STM1293::NC_003197.2:1371105-1371762(-) 2.70928e-07 265 0 52 -52 
gene-STM1505::NC_003197.2:1582240-1583455(+) 4.2263e-07 266 1 52 -51 
gene-STM4460::NC_003197.2:4703987-4704923(-) 5.03798e-06 450 13 64 -51 
gene-STM3791::NC_003197.2:3991230-3992244(-) 4.00958e-06 409 11 62 -51 
gene-STM1289::NC_003197.2:1367464-1368349(-) 1.20464e-05 1159 28 79 -51 
gene-STM3119::NC_003197.2:3278181-3278709(-) 2.23136e-06 298 5 55 -50 
gene-STM1802::NC_003197.2:1901598-1902669(-) 8.31978e-06 659 21 71 -50 
gene-STM1102::NC_003197.2:1189494-1190962(+) 5.73047e-06 475 15 65 -50 
gene-STM1381::NC_003197.2:1464047-1464785(-) 7.9952e-06 630 20 70 -50 
gene-STM3538::NC_003197.2:3706106-3708293(-) 1.2411e-05 1089 29 79 -50 
gene-STM1761::NC_003197.2:1855490-1856168(-) 1.67498e-05 1768 35 85 -50 
gene-STM0607::NC_003197.2:669264-670156(-) 6.17956e-06 474 16 65 -49 
gene-STM3548::NC_003197.2:3717611-3718373(+) 7.49357e-07 235 1 50 -49 
gene-STM4319::NC_003197.2:4563604-4564357(-) 7.16067e-06 547 19 68 -49 
gene-STM3531::NC_003197.2:3695282-3696998(+) 1.7681e-06 276 4 53 -49 
gene-STM4055::NC_003197.2:4266551-4267178(+) 2.24701e-05 3275 42 91 -49 
gene-STM4192::NC_003197.2:4414905-4415445(+) 9.53186e-06 728 24 73 -49 
gene-STM0441::NC_003197.2:494585-495438(-) 2.90404e-05 7189 49 97 -48 
gene-STM4530::NC_003197.2:4786317-4787274(-) 1.37445e-05 1156 31 79 -48 
gene-STM2256::NC_003197.2:2354293-2354743(-) 1.18953e-05 894 28 76 -48 
gene-STM4524::NC_003197.2:4777623-4779033(-) 7.03821e-06 493 18 66 -48 
gene-STM2307::NC_003197.2:2413997-2414855(-) 1.54785e-05 1340 33 81 -48 
gene-STM4273::NC_003197.2:4511523-4513484(-) 1.24071e-05 977 29 77 -48 
gene-STM1762::NC_003197.2:1856167-1856878(-) 1.4884e-05 1259 33 80 -47 
gene-STM2639::NC_003197.2:2778748-2779399(-) 2.0358e-05 2300 40 87 -47 
gene-STM1101::NC_003197.2:1188208-1190446(+) 7.88087e-07 218 1 48 -47 
gene-STM0762::NC_003197.2:825480-826326(-) 2.62059e-06 273 6 53 -47 
gene-STM1246::NC_003197.2:1332240-1332961(+) 1.18183e-05 799 28 74 -46 
gene-STM1436::NC_003197.2:1512916-1514014(-) 1.62986e-05 1223 34 80 -46 
gene-STM1305::NC_003197.2:1384432-1385911(+) 3.73654e-06 317 10 56 -46 
gene-STM2025::NC_003197.2:2104410-2105205(-) 1.65155e-05 1338 35 81 -46 
gene-STM4245::NC_003197.2:4465558-4466542(-) 9.33747e-06 588 23 69 -46 
gene-STM3199::NC_003197.2:3360426-3362106(+) 2.85906e-06 274 7 53 -46 
gene-STM2369::NC_003197.2:2481272-2482286(-) 9.77207e-06 642 24 70 -46 
gene-STM1633::NC_003197.2:1723884-1724652(+) 6.22091e-06 387 16 61 -45 
gene-STM3983::NC_003197.2:4189322-4191512(-) 2.74721e-05 3678 47 92 -45 
gene-STM2571::NC_003197.2:2716579-2717473(-) 3.26183e-06 273 8 53 -45 
gene-STM1546::NC_003197.2:1622632-1624141(-) 3.01745e-07 194 0 45 -45 
gene-STM3664::NC_003197.2:3850542-3852570(+) 8.71023e-06 520 22 67 -45 
gene-STM3223::NC_003197.2:3391012-3392011(+) 2.02588e-05 1700 39 84 -45 
gene-STM1940::NC_003197.2:2033124-2034564(-) 7.31139e-06 445 19 64 -45 
gene-STM1220::NC_003197.2:1305834-1306746(+) 9.24866e-06 549 23 68 -45 
gene-STM1767::NC_003197.2:1866064-1866815(+) 1.06923e-05 633 26 70 -44 
gene-STM2575::NC_003197.2:2720726-2721653(+) 1.60869e-06 214 3 47 -44 
gene-STM2343::NC_003197.2:2456332-2456605(-) 2.15988e-05 1759 41 85 -44 
gene-STM2585::NC_003197.2:2731356-2731902(+) 1.54793e-07 183 0 44 -44 
gene-STM4312::NC_003197.2:4560098-4560375(-) 6.9801e-06 420 18 62 -44 
gene-STM1785::NC_003197.2:1883061-1884327(-) 5.75115e-06 366 15 59 -44 
gene-STM3337::NC_003197.2:3505783-3506473(-) 2.64511e-05 3020 46 90 -44 
gene-STM1439::NC_003197.2:1515064-1515961(+) 7.67864e-06 468 20 64 -44 
gene-STM2340::NC_003197.2:2453147-2454920(-) 3.78938e-05 9006 54 98 -44 
gene-STM2395::NC_003197.2:2506053-2506992(-) 2.85916e-06 253 7 51 -44 
gene-STM4286::NC_003197.2:4527867-4528776(-) 8.21843e-06 467 21 64 -43 
gene-STM4467::NC_003197.2:4709342-4710563(-) 6.64797e-06 377 17 60 -43 
gene-STM1009::NC_003197.2:1101258-1104144(-) 1.0683e-05 585 26 69 -43 
gene-STM2945::NC_003197.2:3087154-3088108(+) 1.36461e-05 811 31 74 -43 
gene-STM1310::NC_003197.2:1390109-1390937(-) 2.15183e-05 1473 41 83 -42 
gene-STM3350::NC_003197.2:3517987-3518738(-) 1.25792e-07 166 0 42 -42 
gene-STM0761::NC_003197.2:824920-825466(-) 1.16095e-05 643 28 70 -42 
gene-STM1306::NC_003197.2:1385907-1387251(+) 3.09283e-07 170 0 42 -42 
gene-STM0950::NC_003197.2:1027681-1028378(-) 3.40213e-06 251 9 51 -42 
gene-STM0887::NC_003197.2:957937-958905(-) 5.09114e-06 306 13 55 -42 
gene-STM4421::NC_003197.2:4663954-4665460(-) 6.23849e-06 341 16 58 -42 
gene-STM0890::NC_003197.2:960296-961028(-) 2.15379e-05 1456 41 82 -41 
gene-STM2142::NC_003197.2:2236268-2238342(+) 5.89276e-06 317 15 56 -41 
gene-STM2558::NC_003197.2:2698536-2699950(+) 9.68439e-06 471 24 65 -41 
gene-STM2078::NC_003197.2:2156136-2156748(+) 5.32199e-06 295 14 55 -41 
gene-STM1294::NC_003197.2:1371788-1372805(-) 6.45365e-06 336 17 58 -41 
gene-STM2959::NC_003197.2:3109325-3110468(-) 9.98918e-06 493 25 66 -41 
gene-STM3697::NC_003197.2:3891466-3892663(+) 9.75852e-06 483 24 65 -41 
gene-STM3248::NC_003197.2:3416459-3417350(-) 3.56938e-05 4773 53 94 -41 
gene-STM2915::NC_003197.2:3058038-3058819(-) 2.46853e-06 213 6 47 -41 
gene-STM3149::NC_003197.2:3311661-3312648(-) 1.59847e-05 844 34 75 -41 
gene-STM4436::NC_003197.2:4680256-4681141(+) 8.1869e-07 169 1 42 -41 
gene-STM3956::NC_003197.2:4161003-4161489(-) 5.70283e-06 309 15 55 -40 
gene-STM2290::NC_003197.2:2396867-2398157(-) 8.74355e-06 424 22 62 -40 
gene-STM0928::NC_003197.2:1002090-1003329(-) 3.6375e-05 4122 53 93 -40 
gene-STM4019::NC_003197.2:4228677-4230757(-) 1.90763e-06 188 4 44 -40 
gene-STM3164::NC_003197.2:3324143-3325412(+) 1.70344e-05 825 35 75 -40 
gene-STM1368::NC_003197.2:1450532-1451879(-) 6.07946e-06 321 16 56 -40 
gene-STM4291::NC_003197.2:4532654-4533725(-) 1.25891e-05 578 29 68 -39 
gene-STM0358::NC_003197.2:405299-408272(+) 1.53009e-05 686 33 72 -39 
gene-STM3982::NC_003197.2:4188149-4189322(-) 1.9623e-05 1084 39 78 -39 
gene-STM0857::NC_003197.2:928722-929886(+) 6.09163e-06 295 16 55 -39 
gene-STM3336::NC_003197.2:3504911-3505787(-) 1.99632e-05 1018 39 78 -39 
gene-STM1285::NC_003197.2:1361818-1363753(-) 1.06969e-05 468 26 65 -39 
gene-STM2835::NC_003197.2:2980228-2981008(+) 1.92662e-05 971 38 77 -39 
gene-STM2095::NC_003197.2:2175666-2176592(-) 1.48288e-05 651 32 71 -39 
gene-STM1413::NC_003197.2:1493293-1495546(+) 2.26539e-06 183 5 44 -39 
gene-STM2633::NC_003197.2:2773847-2775047(+) 1.31294e-05 581.923 30 68 -38 
gene-STM3837::NC_003197.2:4042531-4043636(-) 3.86099e-05 4246 55 93 -38 
gene-STM0892::NC_003197.2:962003-962519(-) 2.76738e-05 1894 47 85 -38 
gene-STM1094::NC_003197.2:1180625-1182267(-) 2.6727e-06 185 6 44 -38 
gene-STM1025::NC_003197.2:1113127-1113577(-) 1.88814e-07 141 0 38 -38 
gene-STM2219::NC_003197.2:2320153-2321743(+) 3.68422e-06 216 10 48 -38 
gene-STM1796::NC_003197.2:1895063-1897104(+) 1.44403e-05 620 32 70 -38 
gene-STM2087::NC_003197.2:2167615-2168617(-) 2.31458e-05 1271 43 81 -38 
gene-STM1542::NC_003197.2:1617312-1618338(-) 9.09812e-06 395 23 61 -38 
gene-STM0528::NC_003197.2:589982-591032(-) 3.74481e-06 221 10 48 -38 
gene-STM1856::NC_003197.2:1953414-1953810(+) 1.75261e-05 787 36 74 -38 
gene-STM1255::NC_003197.2:1339112-1340747(+) 2.99176e-05 2235 49 87 -38 
gene-STM3967::NC_003197.2:4173805-4174636(-) 5.40119e-06 245 14 51 -37 
gene-STM3132::NC_003197.2:3292189-3293151(-) 1.81412e-06 162 4 41 -37 
gene-STM1218::NC_003197.2:1303860-1304722(+) 1.70251e-06 152 3 40 -37 
gene-STM0877::NC_003197.2:948387-949500(+) 4.87023e-06 233 12 49 -37 
gene-STM1473::NC_003197.2:1549667-1550802(-) 9.68608e-07 146.001 2 39 -37 
gene-STM2289::NC_003197.2:2396038-2396842(-) 5.96753e-06 259 15 52 -37 
gene-STM1157::NC_003197.2:1244848-1245993(-) 3.86489e-06 205 10 47 -37 
gene-STM3250::NC_003197.2:3418675-3420247(+) 2.48469e-05 1329 44 81 -37 
gene-STM1055::NC_003197.2:1142553-1143510(-) 1.21916e-05 488 29 66 -37 
gene-STM1601::NC_003197.2:1691239-1691802(-) 2.56605e-06 174 6 43 -37 
gene-STM2167::NC_003197.2:2263734-2265465(+) 2.68748e-05 1480 46 83 -37 
gene-STM0327::NC_003197.2:370739-371063(+) 2.45782e-05 1330 44 81 -37 
gene-STM0306::NC_003197.2:349893-350613(-) 1.72263e-05 759 36 73 -37 
gene-STM3343::NC_003197.2:3511460-3512213(-) 9.79882e-06 400 24 61 -37 
gene-STM1142::NC_003197.2:1229716-1230367(-) 7.08422e-06 309 18 55 -37 
gene-STM4284::NC_003197.2:4524499-4525189(-) 7.50107e-06 325 20 57 -37 
gene-STM3219::NC_003197.2:3386261-3388280(+) 5.26772e-06 243 14 50 -36 
gene-STM1887::NC_003197.2:1981480-1982350(+) 1.01269e-05 391 25 61 -36 
gene-STM0786::NC_003197.2:850322-851606(-) 2.00077e-05 861 39 75 -36 
gene-STM1249::NC_003197.2:1334034-1334693(-) 2.39325e-05 1148 43 79 -36 
gene-STM2474::NC_003197.2:2583498-2585499(+) 5.75392e-06 247 15 51 -36 
gene-STM0244::NC_003197.2:285000-285405(-) 2.0843e-05 882 40 76 -36 
gene-STM3618::NC_003197.2:3798542-3800843(-) 1.158e-05 461 28 64 -36 
gene-STM2339::NC_003197.2:2451578-2453099(+) 7.2305e-06 296 19 55 -36 
gene-STM2124::NC_003197.2:2211485-2212355(-) 2.94388e-06 180 7 43 -36 
gene-STM4160::NC_003197.2:4378164-4378935(-) 2.60788e-06 170 6 42 -36 
gene-STM2943::NC_003197.2:3082478-3084035(-) 3.91466e-06 198 10 46 -36 
gene-STM3903::NC_003197.2:4110909-4111851(+) 1.64498e-05 648 35 71 -36 
gene-STM2553::NC_003197.2:2691074-2692352(+) 2.08653e-07 130 0 36 -36 
gene-STM0261::NC_003197.2:301362-302118(-) 1.05318e-05 416 26 62 -36 
gene-STM0052::NC_003197.2:61105-61793(-) 6.59078e-07 136 1 37 -36 
gene-STM4005::NC_003197.2:4212869-4214279(-) 5.01035e-06 225 13 49 -36 
gene-STM0207::NC_003197.2:242062-242761(-) 3.17199e-05 2111 50 86 -36 
gene-STM3885::NC_003197.2:4095623-4096553(+) 1.90517e-05 778 38 74 -36 
gene-STM2789::NC_003197.2:2937835-2938847(+) 1.78319e-06 156 4 40 -36 
gene-STM4596::NC_003197.2:4853750-4854422(-) 8.41878e-06 320 21 56 -35 
gene-STM1586::NC_003197.2:1672578-1673640(-) 4.17066e-06 196 11 46 -35 
gene-STM1951::NC_003197.2:2040608-2041361(-) 1.2437e-05 455 29 64 -35 
gene-STM4499::NC_003197.2:4752682-4753408(-) 3.69896e-05 2610 54 89 -35 
gene-STM0933::NC_003197.2:1007625-1009059(-) 1.82946e-06 146 4 39 -35 
gene-STM4403::NC_003197.2:4639574-4641518(-) 4.06394e-05 3360 56 91 -35 
gene-STM4431::NC_003197.2:4674785-4676726(+) 5.00884e-06 217 13 48 -35 
gene-STM0375::NC_003197.2:428855-430014(-) 3.10291e-06 173 8 43 -35 
gene-STM4184::NC_003197.2:4403684-4404989(+) 4.15212e-06 200 11 46 -35 
gene-STM0493::NC_003197.2:552243-553464(-) 9.81367e-06 356 24 59 -35 
gene-STM2391::NC_003197.2:2502387-2503740(+) 2.42933e-05 1093 44 79 -35 
gene-STM2680::NC_003197.2:2820949-2821555(+) 7.14241e-06 273 18 53 -35 
gene-STM0539::NC_003197.2:601387-602490(-) 2.44505e-06 160 6 41 -35 
gene-STM3251::NC_003197.2:3420486-3421434(-) 9.80175e-06 349 24 59 -35 
gene-STM3713::NC_003197.2:3908301-3909516(+) 2.54635e-05 1143 45 79 -34 
gene-STM3161::NC_003197.2:3321001-3322328(+) 7.44458e-06 279 19 53 -34 
gene-STM2904::NC_003197.2:3047338-3047629(+) 3.91677e-05 2739 55 89 -34 
gene-STM2973::NC_003197.2:3124510-3125659(-) 7.07875e-06 265 18 52 -34 
gene-STM1344::NC_003197.2:1422788-1423502(+) 3.61568e-06 176 9 43 -34 
gene-STM2792::NC_003197.2:2941600-2943013(+) 4.07825e-06 191 11 45 -34 
gene-STM1744::NC_003197.2:1837636-1838559(-) 1.64579e-05 598 35 69 -34 
gene-STM3680::NC_003197.2:3867984-3869532(-) 1.1209e-05 397 27 61 -34 
gene-STM0468::NC_003197.2:524579-526130(-) 8.30356e-06 296 21 55 -34 
gene-STM0100::NC_003197.2:116815-117235(+) 2.4879e-06 154 6 40 -34 
gene-STM3545::NC_003197.2:3714122-3715160(-) 8.40111e-06 305 21 55 -34 
gene-STM0526::NC_003197.2:587929-588715(-) 1.25519e-05 441 29 63 -34 
gene-STM1540::NC_003197.2:1615325-1616417(+) 2.88409e-05 1442 48 82 -34 
gene-STM3338::NC_003197.2:3506519-3508010(-) 4.32529e-05 3670 58 92 -34 
gene-PSLT072::NC_003277.2:60122-60593(-) 8.94233e-07 133 2 36 -34 
gene-STM2265::NC_003197.2:2363132-2364194(-) 1.77802e-05 630 36 70 -34 
gene-STM3112::NC_003197.2:3270159-3271245(+) 8.93901e-06 320 22 56 -34 
gene-STM3733::NC_003197.2:3925970-3926612(-) 1.53929e-05 534 33 67 -34 
gene-STM4251::NC_003197.2:4471959-4472415(+) 2.13623e-05 862 41 75 -34 
gene-STM4073::NC_003197.2:4282298-4283258(-) 9.07726e-06 326 23 57 -34 
gene-STM1356::NC_003197.2:1436693-1437858(-) 2.13691e-06 141 5 38 -33 
gene-STM2291::NC_003197.2:2398212-2399430(-) 1.66833e-05 578 35 68 -33 
gene-STM3987::NC_003197.2:4195148-4195694(+) 2.25999e-05 816 42 75 -33 
gene-STM3461::NC_003197.2:3612132-3612444(-) 2.22235e-05 814 42 75 -33 
gene-STM0356::NC_003197.2:401889-403143(+) 7.12729e-06 249 18 51 -33 
gene-STM3749::NC_003197.2:3944587-3946906(-) 6.77212e-06 255 18 51 -33 
gene-STM0072::NC_003197.2:84179-85397(-) 1.37267e-06 127 3 36 -33 
gene-STM1426::NC_003197.2:1503542-1504442(+) 3.34637e-05 1840 52 85 -33 
gene-STM2027::NC_003197.2:2105995-2106721(-) 2.91821e-05 1401 49 82 -33 
gene-STM3829::NC_003197.2:4032392-4033957(-) 8.38919e-06 287 21 54 -33 
gene-STM1440::NC_003197.2:1516040-1517266(+) 5.05981e-06 193 13 45 -32 
gene-STM2382::NC_003197.2:2492902-2494536(-) 4.45723e-06 184 12 44 -32 
gene-STM1343::NC_003197.2:1422010-1422603(+) 1.52336e-05 475 33 65 -32 
gene-STM4074::NC_003197.2:4283513-4286082(+) 2.82611e-05 1237 48 80 -32 
gene-STM2080::NC_003197.2:2157954-2159357(-) 2.00141e-05 667 39 71 -32 
gene-STM1002::NC_003197.2:1093860-1095075(+) 3.16972e-07 112 1 33 -32 
gene-STM4538::NC_003197.2:4796644-4797493(+) 3.49247e-05 1687 52 84 -32 
gene-PSLT009::NC_003277.2:4991-5565(-) 5.79807e-06 212 15 47 -32 
gene-STM0978::NC_003197.2:1062636-1063920(+) 5.73138e-06 214 15 47 -32 
gene-STM4067::NC_003197.2:4277930-4278974(+) 1.01513e-05 328 25 57 -32 
gene-STM1627::NC_003197.2:1717666-1718785(-) 2.22602e-05 809 42 74 -32 
gene-STM0527::NC_003197.2:588725-589982(-) 1.39319e-05 426 31 63 -32 
gene-STM0785::NC_003197.2:849183-850179(+) 1.03077e-05 325 25 57 -32 
gene-STM2497::NC_003197.2:2610654-2611944(-) 1.25949e-05 397 29 61 -32 
gene-STM3594::NC_003197.2:3763951-3765994(-) 3.1554e-05 1388 50 82 -32 
gene-STM3642::NC_003197.2:3829363-3830363(+) 2.29374e-05 867 43 75 -32 
gene-STM1867::NC_003197.2:1963175-1963765(+) 1.16497e-05 372 28 60 -32 
gene-STM3062::NC_003197.2:3223284-3224517(-) 3.042e-05 1321 49 81 -32 
gene-STM1665::NC_003197.2:1758528-1759215(+) 1.80737e-05 595 37 69 -32 
gene-STM0264::NC_003197.2:303402-304134(+) 1.84792e-05 600 37 69 -32 
gene-PSLT053::NC_003277.2:45012-45990(+) 3.63506e-05 1855 53 85 -32 
gene-STM0545::NC_003197.2:605327-606020(+) 1.44402e-06 124 3 35 -32 
gene-STM2150::NC_003197.2:2243852-2246342(-) 5.59699e-06 192 14 45 -31 
gene-STM3233::NC_003197.2:3398504-3399491(+) 4.83248e-06 175 12 43 -31 
gene-STM4526::NC_003197.2:4780776-4784286(-) 1.79802e-05 577 37 68 -31 
gene-STM4500::NC_003197.2:4753958-4755590(-) 1.83331e-05 541 37 68 -31 
gene-STM4076::NC_003197.2:4286082-4287084(+) 1.7555e-05 507 36 67 -31 
gene-STM1803::NC_003197.2:1902682-1903981(-) 5.25819e-05 4832 63 94 -31 
gene-STM1044::NC_003197.2:1130040-1130624(-) 5.2676e-05 4887 63 94 -31 
gene-STM3245::NC_003197.2:3412479-3413418(-) 1.25803e-06 112 2 33 -31 
gene-STM0061::NC_003197.2:70879-72928(+) 1.08961e-05 328 26 57 -31 
gene-STM3091::NC_003197.2:3253345-3254740(+) 1.47226e-05 435 32 63 -31 
gene-STM0312::NC_003197.2:356810-357551(-) 2.68488e-05 934 46 77 -31 
gene-STM1989::NC_003197.2:2071878-2072790(-) 9.36427e-06 290 23 54 -31 
gene-STM0849::NC_003197.2:920007-921606(+) 1.42241e-05 442 32 63 -31 
gene-STM1323::NC_003197.2:1403147-1404319(+) 1.16617e-05 358 28 59 -31 
gene-STM3897::NC_003197.2:4105557-4106406(-) 1.23699e-05 374 29 60 -31 
gene-STM3693::NC_003197.2:3887575-3889539(+) 1.61216e-07 103 0 31 -31 
gene-STM1022::NC_003197.2:1111511-1112309(+) 1.34421e-06 121 3 34 -31 
gene-STM4204::NC_003197.2:4424458-4426006(-) 1.20096e-06 115 2 33 -31 
gene-STM4512::NC_003197.2:4766110-4767283(-) 1.50372e-05 467 33 64 -31 
gene-STM2610::NC_003197.2:2758322-2758724(+) 1.1097e-05 340 27 58 -31 
gene-STM3140::NC_003197.2:3304436-3305303(+) 1.24995e-05 374 29 60 -31 
gene-STM1663::NC_003197.2:1756765-1757797(+) 8.52738e-06 263 21 52 -31 
gene-STM1703::NC_003197.2:1796535-1798518(+) 6.24151e-06 199 16 46 -30 
gene-STM3008::NC_003197.2:3165555-3166596(+) 1.19275e-05 339 28 58 -30 
gene-STM3716::NC_003197.2:3911777-3912498(-) 1.74705e-05 488 36 66 -30 
gene-STM1332::NC_003197.2:1410077-1412023(-) 2.36867e-05 721 43 73 -30 
gene-STM2093::NC_003197.2:2174116-2175114(-) 4.14866e-05 2211 57 87 -30 
gene-STM0512::NC_003197.2:572990-573650(+) 4.72803e-06 172 12 42 -30 
gene-STM1806::NC_003197.2:1906821-1908366(+) 2.69317e-05 880 46 76 -30 
gene-STM1544::NC_003197.2:1619775-1621332(-) 2.29929e-06 124 5 35 -30 
gene-STM0247::NC_003197.2:287023-288055(-) 6.24492e-06 197 16 46 -30 
gene-STM0961::NC_003197.2:1041568-1042192(+) 2.70223e-05 891 46 76 -30 
gene-STM0355::NC_003197.2:401402-401889(+) 1.72438e-06 121 4 34 -30 
gene-STM1611::NC_003197.2:1701035-1701575(-) 8.5943e-06 245 21 51 -30 
gene-STM2410::NC_003197.2:2526556-2528746(-) 8.62057e-06 260 22 52 -30 
gene-STM3935::NC_003197.2:4141934-4143134(-) 2.87263e-05 1032 48 78 -30 
gene-STM0505::NC_003197.2:564931-565702(-) 1.77584e-05 494 36 66 -30 
gene-STM3376::NC_003197.2:3547017-3547992(+) 3.80319e-05 1806 55 85 -30 
gene-STM2232::NC_003197.2:2332128-2333958(+) 4.28632e-05 2429 58 88 -30 
gene-STM0498::NC_003197.2:557947-560449(-) 1.36121e-05 405 31 61 -30 
gene-STM1804::NC_003197.2:1904303-1905836(+) 5.51481e-06 178 14 43 -29 
gene-STM1507::NC_003197.2:1584538-1586061(+) 5.12028e-06 172 13 42 -29 
gene-STM0543::NC_003197.2:604117-604675(+) 3.17747e-05 1133 50 79 -29 
gene-STM1643::NC_003197.2:1736032-1736482(-) 5.47561e-06 177 14 43 -29 
gene-STM0060::NC_003197.2:69999-70869(+) 6.82979e-06 212 18 47 -29 
gene-STM1327::NC_003197.2:1406301-1407060(+) 1.03861e-05 291 25 54 -29 
gene-STM0413::NC_003197.2:467537-468467(-) 3.51194e-05 1384 53 82 -29 
gene-STM3409::NC_003197.2:3579777-3581154(+) 1.04583e-05 305 26 55 -29 
gene-STM4277::NC_003197.2:4516119-4517556(+) 3.48459e-05 1308 52 81 -29 
gene-STM2032::NC_003197.2:2109680-2110820(-) 1.89182e-05 512 38 67 -29 
gene-STM1677::NC_003197.2:1769940-1770846(-) 4.63593e-07 96 1 30 -29 
gene-STM0557::NC_003197.2:614806-616459(-) 9.88703e-07 100 2 31 -29 
gene-STM1341::NC_003197.2:1420633-1421934(+) 1.6309e-05 432 34 63 -29 
gene-STM1366::NC_003197.2:1449547-1450017(+) 8.8273e-06 252 22 51 -29 
gene-STM4303::NC_003197.2:4549192-4551061(-) 2.46135e-05 734 44 73 -29 
gene-STM2927::NC_003197.2:3068484-3069493(-) 1.45576e-05 402 32 61 -29 
gene-STM4305::NC_003197.2:4551973-4554325(+) 2.81694e-05 972 48 77 -29 
gene-STM4065::NC_003197.2:4275616-4276951(+) 3.51061e-06 145 9 38 -29 
gene-STM3684::NC_003197.2:3874194-3875080(-) 2.41991e-05 723 44 73 -29 
gene-STM3536::NC_003197.2:3702823-3704119(-) 6.06169e-05 5462 66 95 -29 
gene-STM3331::NC_003197.2:3498999-3500418(+) 7.43606e-06 216 19 48 -29 
gene-STM1727::NC_003197.2:1824265-1825072(+) 6.07651e-06 196 16 45 -29 
gene-STM1296::NC_003197.2:1374930-1375482(+) 1.73326e-05 482 36 65 -29 
gene-STM1558::NC_003197.2:1636052-1638128(-) 8.68201e-06 248 22 51 -29 
gene-STM0618::NC_003197.2:680907-682408(-) 2.71856e-05 822 47 75 -28 
gene-STM1584::NC_003197.2:1670642-1672136(+) 8.56646e-06 231 21 49 -28 
gene-STM3557::NC_003197.2:3726372-3727947(-) 3.33168e-05 1168 51 79 -28 
gene-STM4516::NC_003197.2:4770701-4771973(-) 5.53559e-06 166 14 42 -28 
gene-PSLT026::NC_003277.2:18898-19420(-) 1.44943e-05 382 32 60 -28 
gene-STM2859::NC_003197.2:3003708-3005787(+) 1.19235e-05 321 28 56 -28 
gene-STM3828::NC_003197.2:4030646-4031795(-) 4.3974e-06 151 11 39 -28 
gene-STM2299::NC_003197.2:2406091-2408921(+) 5.18978e-05 2970 62 90 -28 
gene-STM3936::NC_003197.2:4143133-4144303(-) 2.27316e-05 669 43 71 -28 
gene-STM3474::NC_003197.2:3623522-3626421(+) 7.49103e-06 217 20 48 -28 
gene-STM1855::NC_003197.2:1952008-1952731(-) 3.52746e-05 1328 53 81 -28 
gene-STM1269::NC_003197.2:1349842-1350388(+) 1.85752e-05 505 38 66 -28 
gene-STM2464::NC_003197.2:2574810-2575210(-) 8.9512e-07 96 2 30 -28 
gene-STM3056::NC_003197.2:3217142-3218345(-) 1.99151e-05 536 39 67 -28 
gene-STM3483::NC_003197.2:3638002-3638680(-) 3.97474e-05 1706 56 84 -28 
gene-STM2403::NC_003197.2:2517962-2518928(-) 3.67959e-05 1285 53 81 -28 
gene-STM4121::NC_003197.2:4339525-4340530(+) 4.02137e-06 148 11 39 -28 
gene-STM0433::NC_003197.2:486227-487692(-) 2.10463e-05 598 41 69 -28 
gene-STM3408::NC_003197.2:3578466-3579756(+) 1.45726e-06 103 3 31 -28 
gene-STM3481::NC_003197.2:3636254-3637259(-) 4.79213e-05 2431 60 88 -28 
gene-STM2186::NC_003197.2:2281390-2282632(+) 2.20639e-05 626 42 70 -28 
gene-STM2180::NC_003197.2:2276879-2277788(+) 3.00957e-06 125 7 35 -28 
gene-STM1302::NC_003197.2:1380932-1381739(-) 3.35567e-05 1253 52 80 -28 
gene-STM3761::NC_003197.2:3959850-3960531(+) 8.61857e-06 244 22 50 -28 
gene-STM2833::NC_003197.2:2978871-2979843(+) 1.25402e-05 331 29 57 -28 
gene-STM3598::NC_003197.2:3770003-3771047(-) 4.0274e-05 1614 56 84 -28 
gene-STM0495::NC_003197.2:555405-555885(-) 7.70581e-06 219 20 48 -28 
gene-STM3113::NC_003197.2:3271461-3272718(+) 4.32621e-05 2037 58 86 -28 
gene-STM4026::NC_003197.2:4236761-4237953(+) 3.70891e-05 1412 54 82 -28 
gene-STM1401::NC_003197.2:1486457-1487047(+) 1.45622e-07 86 0 28 -28 
gene-STM0063::NC_003197.2:72928-74016(+) 8.36779e-06 215.87 21 48 -27 
gene-STM0605::NC_003197.2:666644-667880(-) 5.36493e-06 164 14 41 -27 
gene-STM1717::NC_003197.2:1814362-1815711(+) 3.32044e-05 1065 51 78 -27 
gene-STM2791::NC_003197.2:2940137-2941600(+) 3.34002e-06 123 8 35 -27 
gene-STM1442::NC_003197.2:1518576-1519676(-) 3.1162e-06 122 8 35 -27 
gene-STM3255::NC_003197.2:3424417-3426835(+) 2.43345e-06 112 6 33 -27 
gene-STM1168::NC_003197.2:1253115-1253764(+) 4.09492e-05 1697 57 84 -27 
gene-STM2916::NC_003197.2:3058819-3059620(-) 3.41579e-06 133 9 36 -27 
gene-STM0669::NC_003197.2:733238-734456(-) 1.69664e-05 424 35 62 -27 
gene-STM4439::NC_003197.2:4683294-4683681(+) 4.78844e-05 2265 60 87 -27 
gene-STM0256::NC_003197.2:295893-296808(-) 1.96291e-06 104 4 31 -27 
gene-STM1432::NC_003197.2:1510111-1510966(-) 3.32063e-05 1048 51 78 -27 
gene-STM2166::NC_003197.2:2261170-2263468(-) 4.15251e-05 1643 57 84 -27 
gene-STM1046::NC_003197.2:1131368-1132779(+) 2.63171e-06 111 6 33 -27 
gene-STM2066::NC_003197.2:2141566-2143915(+) 5.38118e-05 2866 63 90 -27 
gene-STM3535::NC_003197.2:3701390-3702824(-) 3.73006e-05 1276 54 81 -27 
gene-STM4072::NC_003197.2:4280618-4282211(-) 3.69288e-05 1284 54 81 -27 
gene-STM2947::NC_003197.2:3089005-3091123(-) 7.42157e-06 198 19 46 -27 
gene-STM4108::NC_003197.2:4322715-4323819(-) 3.69928e-05 1284 54 81 -27 
gene-STM1365::NC_003197.2:1446494-1450017(+) 3.03284e-05 887 49 76 -27 
gene-STM3237::NC_003197.2:3401744-3401909(+) 3.0141e-05 902 49 76 -27 
gene-STM1072::NC_003197.2:1163087-1163693(+) 1.62847e-05 390 34 61 -27 
gene-STM4545::NC_003197.2:4804181-4804996(-) 4.165e-06 144 11 38 -27 
gene-STM1467::NC_003197.2:1540802-1541978(-) 3.47429e-05 1106 52 79 -27 
gene-STM1078::NC_003197.2:1169897-1170314(+) 2.7031e-05 704 46 73 -27 
gene-STM2071::NC_003197.2:2149611-2150613(+) 1.03995e-05 267 25 52 -27 
gene-STM3613::NC_003197.2:3788574-3790062(-) 1.96684e-05 505 39 66 -27 
gene-STM3010::NC_003197.2:3167877-3170037(-) 2.60979e-05 730 46 73 -27 
gene-STM4491::NC_003197.2:4736694-4738779(-) 2.09771e-05 576 41 68 -27 
gene-STM1140::NC_003197.2:1228873-1229290(-) 4.40039e-06 145 11 38 -27 
gene-STM4293::NC_003197.2:4534399-4536043(-) 2.1179e-05 573 41 68 -27 
gene-STM1557::NC_003197.2:1634737-1635940(+) 7.62706e-06 200 20 46 -26 
gene-STM4576::NC_003197.2:4831430-4832447(-) 1.15721e-05 281 27 53 -26 
gene-STM3612::NC_003197.2:3787591-3788521(+) 3.14468e-05 870 50 76 -26 
gene-STM4423::NC_003197.2:4665900-4666725(+) 1.13179e-05 279 27 53 -26 
gene-STM0333::NC_003197.2:376663-377629(+) 6.00056e-06 161 15 41 -26 
gene-STM1160::NC_003197.2:1246409-1247640(-) 2.71682e-05 740 47 73 -26 
gene-STM2402::NC_003197.2:2516003-2517291(-) 2.37414e-05 596 43 69 -26 
gene-STM1288::NC_003197.2:1366508-1367366(+) 2.73557e-05 741 47 73 -26 
gene-STM0822::NC_003197.2:889334-890309(+) 1.27526e-05 318 30 56 -26 
gene-STM0711::NC_003197.2:778050-778794(+) 3.61463e-05 1154 53 79 -26 
gene-STM1455::NC_003197.2:1529877-1530498(-) 4.63536e-06 143 12 38 -26 
gene-STM1391::NC_003197.2:1476157-1476796(-) 1.24064e-06 86 2 28 -26 
gene-STM4574::NC_003197.2:4829691-4830381(-) 1.31598e-06 89 2 28 -26 
gene-STM2616::NC_003197.2:2762066-2762630(-) 4.82338e-06 144 12 38 -26 
gene-STM2074::NC_003197.2:2152990-2154647(+) 2.53119e-05 665 45 71 -26 
gene-STM3765::NC_003197.2:3965703-3966606(+) 1.62463e-05 368 34 60 -26 
gene-STM4139::NC_003197.2:4358706-4359657(-) 1.60522e-05 381 34 60 -26 
gene-STM4029::NC_003197.2:4238657-4239647(+) 1.58298e-05 372 34 60 -26 
gene-STM1063::NC_003197.2:1153914-1155172(+) 1.79089e-05 427 37 63 -26 
gene-STM0792::NC_003197.2:858262-858796(-) 4.38652e-05 1658 58 84 -26 
gene-STM1531::NC_003197.2:1607666-1608008(-) 7.17411e-06 195 19 45 -26 
gene-STM1642::NC_003197.2:1735430-1736036(+) 5.14254e-06 150 13 39 -26 
gene-STM1469::NC_003197.2:1543991-1545395(+) 5.08443e-05 2463 62 88 -26 
gene-STM4098::NC_003197.2:4306896-4309097(-) 1.89343e-07 78 0 26 -26 
gene-STM3378::NC_003197.2:3549109-3549709(+) 1.25157e-05 305 29 55 -26 
gene-STM1489::NC_003197.2:1566439-1567135(+) 4.89777e-05 2221 61 87 -26 
gene-STM4120::NC_003197.2:4338285-4339437(-) 2.72227e-05 706 47 73 -26 
gene-STM4503::NC_003197.2:4757458-4758196(+) 4.44178e-05 1750 59 85 -26 
gene-STM0009::NC_003197.2:9375-9942(-) 3.30216e-06 118 8 34 -26 
gene-STM4430::NC_003197.2:4672431-4674369(-) 7.6897e-06 203.348 20 46 -26 
gene-STM3118::NC_003197.2:3276831-3278157(-) 2.37855e-06 110 6 32 -26 
gene-STM4165::NC_003197.2:4382762-4383251(-) 2.59263e-05 649 45 71 -26 
gene-STM3878::NC_003197.2:4086317-4087762(-) 3.14567e-06 118 8 34 -26 
gene-STM3624::NC_003197.2:3806431-3808111(+) 1.01546e-05 245 25 51 -26 
gene-STM2067::NC_003197.2:2144257-2145731(+) 1.49565e-05 338 33 58 -25 
gene-STM0465::NC_003197.2:523357-523965(+) 3.03565e-05 809 49 74 -25 
gene-STM3820::NC_003197.2:4018607-4020008(-) 5.59752e-05 2487 64 89 -25 
gene-STM0763::NC_003197.2:826494-827346(+) 6.65094e-06 171 17 42 -25 
gene-STM3646::NC_003197.2:3833698-3834673(+) 2.60694e-05 656 46 71 -25 
gene-STM1541::NC_003197.2:1616462-1617254(+) 1.83937e-05 419 37 62 -25 
gene-STM0858::NC_003197.2:930334-932020(+) 4.33519e-06 127 11 36 -25 
gene-STM2917::NC_003197.2:3059454-3061634(-) 6.8247e-06 174 18 43 -25 
gene-STM0163::NC_003197.2:192410-193394(+) 1.54125e-05 337 33 58 -25 
gene-STM0606::NC_003197.2:668045-668948(-) 8.12315e-06 201 21 46 -25 
gene-STM4536::NC_003197.2:4795388-4795850(+) 4.53534e-05 1605 59 84 -25 
gene-STM2313::NC_003197.2:2419658-2420641(+) 9.11563e-06 215 23 48 -25 
gene-STM1164::NC_003197.2:1249654-1250339(-) 3.38293e-05 922 52 77 -25 
gene-STM0739::NC_003197.2:807079-808022(+) 8.79502e-05 13149 74 99 -25 
gene-STM3377::NC_003197.2:3548104-3549109(+) 4.85915e-05 2036 61 86 -25 
gene-STM1781::NC_003197.2:1878850-1880512(+) 1.71869e-05 403 36 61 -25 
gene-STM2016::NC_003197.2:2097299-2098370(-) 2.51783e-05 634 45 70 -25 
gene-STM4322::NC_003197.2:4566785-4567397(-) 1.02147e-05 237 25 50 -25 
gene-STM3698::NC_003197.2:3892736-3894047(+) 6.01406e-06 156 15 40 -25 
gene-STM1675::NC_003197.2:1767993-1768707(+) 5.03613e-06 142 13 38 -25 
gene-STM3030::NC_003197.2:3192428-3193061(-) 5.68645e-06 155 15 40 -25 
gene-STM4337::NC_003197.2:4580671-4581259(-) 1.24089e-05 283 29 54 -25 
gene-STM4021::NC_003197.2:4231618-4232860(-) 2.62665e-06 102 6 31 -25 
gene-STM2072::NC_003197.2:2150613-2152990(+) 1.31514e-05 300 30 55 -25 
gene-STM0843::NC_003197.2:911349-913782(-) 5.42461e-06 149 14 39 -25 
gene-STM3750::NC_003197.2:3946917-3948300(-) 1.02434e-07 75 0 25 -25 
gene-STM2559::NC_003197.2:2699950-2702150(+) 2.48051e-05 604 44 69 -25 
gene-STM1227::NC_003197.2:1313406-1314636(+) 4.04448e-05 1272 56 81 -25 
gene-STM4066::NC_003197.2:4276961-4277921(+) 2.15585e-06 98 5 30 -25 
gene-STM4435::NC_003197.2:4679388-4680204(+) 2.1777e-06 98 5 30 -25 
gene-STM0501::NC_003197.2:561424-562342(-) 3.54453e-05 1082 53 78 -25 
gene-STM3701::NC_003197.2:3896047-3896558(-) 6.30978e-05 3737 67 92 -25 
gene-STM2669::NC_003197.2:2810346-2811477(-) 1.15272e-05 261 27 52 -25 
gene-STM4077::NC_003197.2:4287112-4288135(+) 6.15259e-05 3495 67 92 -25 
gene-STM0307::NC_003197.2:350943-351351(-) 9.96811e-06 235 25 50 -25 
gene-STM0092::NC_003197.2:104469-105809(-) 4.24649e-05 1462 58 83 -25 
gene-STM1485::NC_003197.2:1562050-1562335(-) 1.10535e-05 259 27 52 -25 
gene-STM2089::NC_003197.2:2169995-2170895(-) 3.86924e-05 1168 55 80 -25 
gene-STM1282::NC_003197.2:1357707-1358226(-) 2.16956e-05 499 41 66 -25 
gene-STM3976::NC_003197.2:4182146-4182929(+) 7.27342e-06 188 19 44 -25 
gene-STM2255::NC_003197.2:2353681-2354284(-) 3.92776e-05 1296 56 81 -25 
gene-STM3715::NC_003197.2:3910818-3911777(-) 2.9966e-05 714 49 73 -24 
gene-STM0680::NC_003197.2:738941-740647(-) 5.04414e-05 1994 62 86 -24 
gene-STM3067::NC_003197.2:3228429-3229290(-) 3.85506e-05 1126 55 79 -24 
gene-STM0380::NC_003197.2:433543-434638(-) 3.8387e-05 1118 55 79 -24 
gene-STM4447::NC_003197.2:4688717-4689458(+) 3.67271e-06 116 10 34 -24 
gene-STM0318::NC_003197.2:363226-364471(+) 3.26557e-05 838 51 75 -24 
gene-STM2444::NC_003197.2:2555423-2556597(-) 5.78796e-06 151 15 39 -24 
gene-STM3632::NC_003197.2:3817979-3819104(-) 5.07101e-06 139 13 37 -24 
gene-STM1232::NC_003197.2:1319476-1320847(-) 3.60239e-05 919 53 77 -24 
gene-STM4495::NC_003197.2:4743279-4746957(-) 5.45627e-05 2344 64 88 -24 
gene-STM1638::NC_003197.2:1729108-1729546(+) 3.08905e-05 812 50 74 -24 
gene-STM4315::NC_003197.2:4560897-4561773(-) 8.52652e-05 7583 73 97 -24 
gene-STM3173::NC_003197.2:3335959-3336697(-) 2.84274e-05 678 48 72 -24 
gene-STM3452::NC_003197.2:3603878-3604706(-) 1.42753e-05 323 32 56 -24 
gene-STM4248::NC_003197.2:4469318-4470512(+) 1.45414e-05 320 32 56 -24 
gene-STM3780::NC_003197.2:3979841-3980702(-) 2.01031e-06 89 4 28 -24 
gene-STM4519::NC_003197.2:4774475-4775846(+) 5.64478e-06 143 14 38 -24 
gene-STM4383::NC_003197.2:4625214-4626645(+) 4.67735e-06 132 12 36 -24 
gene-STM3576::NC_003197.2:3742455-3744654(+) 2.3481e-05 532 43 67 -24 
gene-STM3051::NC_003197.2:3209312-3210774(+) 1.57914e-05 337 34 58 -24 
gene-STM4473::NC_003197.2:4715003-4715507(-) 3.16375e-06 109 8 32 -24 
gene-STM3157::NC_003197.2:3318586-3319471(+) 1.22804e-05 278 29 53 -24 
gene-STM1139::NC_003197.2:1228013-1228847(-) 1.77365e-05 376 36 60 -24 
gene-STM0776::NC_003197.2:840583-841600(-) 2.32554e-05 524 43 67 -24 
gene-STM3512::NC_003197.2:3670400-3671717(+) 9.32215e-06 212 23 47 -24 
gene-STM1106::NC_003197.2:1193160-1194023(+) 1.18142e-07 72 0 24 -24 
gene-STM2811::NC_003197.2:2958283-2959279(+) 2.37525e-05 523 43 67 -24 
gene-STM4575::NC_003197.2:4830428-4831118(-) 1.84237e-06 81 4 27 -23 
gene-STM0552::NC_003197.2:612708-613305(-) 4.04255e-06 120 11 34 -23 
gene-STM1597::NC_003197.2:1686827-1688387(-) 8.3943e-06 184 21 44 -23 
gene-STM0417::NC_003197.2:471036-471527(+) 6.37713e-05 3472 68 91 -23 
gene-STM2216::NC_003197.2:2316217-2318023(+) 8.96083e-06 193 22 45 -23 
gene-STM3595::NC_003197.2:3766175-3767513(-) 1.77504e-05 361 36 59 -23 
gene-STM0064::NC_003197.2:74016-74838(+) 6.15033e-06 148 16 39 -23 
gene-STM3368::NC_003197.2:3534356-3535899(-) 3.3648e-05 852 52 75 -23 
gene-STM3882::NC_003197.2:4092098-4093604(+) 2.51552e-06 90 6 29 -23 
gene-STM3925::NC_003197.2:4133675-4134807(+) 1.93866e-05 402 38 61 -23 
gene-STM0956::NC_003197.2:1031628-1033350(-) 1.77687e-05 350 36 59 -23 
gene-STM0066::NC_003197.2:75879-77046(+) 1.13203e-05 244 27 50 -23 
gene-STM3714::NC_003197.2:3909572-3910818(-) 2.2151e-05 486 42 65 -23 
gene-STM3241::NC_003197.2:3406438-3408733(-) 6.02728e-06 146.002 16 39 -23 
gene-STM4351::NC_003197.2:4595419-4596160(-) 8.10529e-06 176 20 43 -23 
gene-STM1862::NC_003197.2:1959503-1960418(+) 1.38558e-06 77 3 26 -23 
gene-STM0784::NC_003197.2:848201-849020(-) 6.40176e-06 155 17 40 -23 
gene-STM1222::NC_003197.2:1307667-1308714(-) 3.80329e-05 1050 55 78 -23 
gene-PSLT031::NC_003277.2:21465-22248(+) 1.08485e-05 233 26 49 -23 
gene-STM2281::NC_003197.2:2386534-2387413(+) 3.40086e-06 108 9 32 -23 
gene-STM2178::NC_003197.2:2274346-2275384(-) 2.98461e-06 100 7 30 -23 
gene-STM0182::NC_003197.2:212485-213277(-) 2.47702e-05 510 44 67 -23 
gene-STM0471::NC_003197.2:526816-527287(-) 3.79155e-05 981 54 77 -23 
gene-STM2398::NC_003197.2:2510499-2511693(-) 8.80973e-06 191 22 45 -23 
gene-STM1117::NC_003197.2:1203687-1204929(+) 5.76812e-05 2330 65 88 -23 
gene-STM2662::NC_003197.2:2805549-2806530(-) 1.80187e-05 382 37 60 -23 
gene-STM3802::NC_003197.2:4004464-4005787(+) 1.11747e-05 236 27 50 -23 
gene-STM1782::NC_003197.2:1880556-1880871(-) 5.66525e-05 2457 65 88 -23 
gene-STM0970::NC_003197.2:1052690-1053515(-) 4.94857e-05 1461 61 83 -22 
gene-STM0589::NC_003197.2:649598-650754(+) 1.55256e-05 312 34 56 -22 
gene-STM2441::NC_003197.2:2552628-2554186(-) 4.67511e-06 120 12 34 -22 
gene-STM1797::NC_003197.2:1896838-1897093(-) 9.91385e-07 68 2 24 -22 
gene-STM1745::NC_003197.2:1838559-1839601(-) 2.70496e-05 587 47 69 -22 
gene-STM2282::NC_003197.2:2387528-2388599(-) 3.44833e-05 795 52 74 -22 
gene-STM1348::NC_003197.2:1426590-1427424(-) 1.56992e-05 318 34 56 -22 
gene-STM3104::NC_003197.2:3263120-3264257(+) 3.54979e-06 103 9 31 -22 
gene-STM1112::NC_003197.2:1198986-1199907(-) 3.69738e-05 907 54 76 -22 
gene-STM2780::NC_003197.2:2926805-2927879(-) 2.35162e-05 474 43 65 -22 
gene-STM2054::NC_003197.2:2130090-2130645(+) 3.81755e-06 108 10 32 -22 
gene-STM4325::NC_003197.2:4569544-4570846(-) 6.20043e-05 2497 67 89 -22 
gene-STM4420::NC_003197.2:4663120-4663930(-) 2.88886e-05 617 48 70 -22 
gene-STM3492::NC_003197.2:3645760-3646540(-) 8.64509e-07 66 1 23 -22 
gene-STM1746::NC_003197.2:1839601-1841381(-) 8.40589e-05 5401 73 95 -22 
gene-STM1945::NC_003197.2:2035809-2036358(-) 2.11093e-05 429 41 63 -22 
gene-STM4259::NC_003197.2:4479879-4481521(+) 5.77804e-05 2176 65 87 -22 
gene-STM3264::NC_003197.2:3433333-3435376(+) 2.87811e-05 616 48 70 -22 
gene-STM3022::NC_003197.2:3182528-3183758(+) 2.23289e-05 460 42 64 -22 
gene-STM0259::NC_003197.2:299097-299868(+) 1.16734e-05 237 28 50 -22 
gene-STM4590::NC_003197.2:4846421-4847771(+) 1.9568e-06 78 4 26 -22 
gene-STM1149::NC_003197.2:1234980-1236135(-) 3.10587e-06 96 8 30 -22 
gene-STM1088::NC_003197.2:1176437-1177313(-) 5.04952e-06 124 13 35 -22 
gene-STM1263::NC_003197.2:1345829-1346477(+) 8.47102e-06 173 21 43 -22 
gene-STM0436::NC_003197.2:488355-489705(-) 1.43155e-05 289 32 54 -22 
gene-STM1686::NC_003197.2:1780466-1780781(-) 4.00614e-05 1055 56 78 -22 
gene-STM0430::NC_003197.2:483349-484069(-) 5.65639e-06 128 14 36 -22 
gene-STM2300::NC_003197.2:2408070-2410609(+) 9.26605e-06 192 23 45 -22 
gene-STM1312::NC_003197.2:1391797-1392185(+) 2.68974e-05 565 46 68 -22 
gene-STM1047::NC_003197.2:1132003-1132779(+) 2.12888e-06 82 5 27 -22 
gene-STM1932::NC_003197.2:2027236-2027740(+) 7.65961e-06 170 20 42 -22 
gene-STM3134::NC_003197.2:3294425-3295730(-) 5.46004e-05 1976 64 86 -22 
gene-STM4549::NC_003197.2:4807545-4808004(-) 2.15628e-05 444 41 63 -22 
gene-STM3787::NC_003197.2:3986191-3987583(-) 4.09152e-06 111 11 33 -22 
gene-STM2667::NC_003197.2:2808259-2809420(+) 2.17101e-05 438 41 63 -22 
gene-STM0932::NC_003197.2:1006516-1007530(-) 7.01677e-06 157 18 40 -22 
gene-STM1651::NC_003197.2:1742118-1745643(+) 1.65292e-05 330 35 57 -22 
gene-STM4561::NC_003197.2:4815896-4816514(+) 6.03165e-05 2205 66 87 -21 
gene-STM0384::NC_003197.2:437717-438038(+) 5.67764e-06 122 14 35 -21 
gene-STM2534::NC_003197.2:2673994-2674663(+) 2.1438e-06 80 5 26 -21 
gene-STM4489::NC_003197.2:4731980-4735496(+) 4.09245e-05 1012 57 78 -21 
gene-STM0041::NC_003197.2:48371-50411(-) 6.21645e-06 137 16 37 -21 
gene-STM2029::NC_003197.2:2107756-2108530(-) 3.32198e-05 678 51 72 -21 
gene-STM2948::NC_003197.2:3090717-3092613(-) 1.8366e-06 73 4 25 -21 
gene-STM3177::NC_003197.2:3340804-3341464(+) 3.37716e-06 97 9 30 -21 
gene-STM1639::NC_003197.2:1729816-1730347(-) 6.34308e-06 139 17 38 -21 
gene-STM3121::NC_003197.2:3279666-3280545(+) 6.4499e-06 139 17 38 -21 
gene-STM0878::NC_003197.2:949587-950721(+) 2.04535e-06 80 5 26 -21 
gene-STM0309::NC_003197.2:352597-355068(-) 4.05197e-05 1000 56 77 -21 
gene-STM0523::NC_003197.2:583960-585322(+) 6.88651e-06 149 18 39 -21 
gene-STM0902::NC_003197.2:972549-973410(+) 2.48332e-06 81 6 27 -21 
gene-STM1371::NC_003197.2:1454186-1454933(+) 2.39646e-06 82 6 27 -21 
gene-STM0558::NC_003197.2:616439-617366(-) 3.33228e-06 91 8 29 -21 
gene-STM2409::NC_003197.2:2525301-2526548(+) 4.55526e-05 1244 59 80 -21 
gene-STM1412::NC_003197.2:1492219-1493293(+) 2.79616e-06 87 7 28 -21 
gene-STM2351::NC_003197.2:2462129-2462916(-) 2.82866e-06 87 7 28 -21 
gene-STM4292::NC_003197.2:4533734-4534403(-) 3.68466e-05 870 54 75 -21 
gene-STM0724::NC_003197.2:788916-790695(+) 1.07402e-06 66 2 23 -21 
gene-STM4537::NC_003197.2:4795875-4797236(+) 5.09244e-05 1551 62 83 -21 
gene-STM1380::NC_003197.2:1463095-1463989(-) 3.49482e-07 64 1 22 -21 
gene-STM3873::NC_003197.2:4081184-4081808(-) 8.12069e-06 167 21 42 -21 
gene-STM0502::NC_003197.2:562488-563166(+) 8.50781e-06 168 21 42 -21 
gene-STM3229::NC_003197.2:3396804-3397112(+) 4.05424e-05 935 56 77 -21 
gene-STM0084::NC_003197.2:95958-97848(+) 4.25522e-06 110 11 32 -21 
gene-STM3532::NC_003197.2:3697041-3697947(+) 2.31795e-07 60 0 21 -21 
gene-STM2156A::NC_003197.2:2252640-2253171(+) 1.58577e-07 60 0 21 -21 
gene-STM2922::NC_003197.2:3063781-3065209(+) 2.03453e-07 59 0 21 -21 
gene-STM0815::NC_003197.2:879615-880722(-) 4.87788e-06 113 12 33 -21 
gene-STM2163::NC_003197.2:2257959-2258907(-) 4.44498e-06 115 12 33 -21 
gene-STM2565::NC_003197.2:2708254-2712142(-) 3.88332e-05 899 55 76 -21 
gene-STM3695::NC_003197.2:3889602-3890076(+) 8.70119e-06 176 22 43 -21 
gene-STM0681::NC_003197.2:740895-741648(-) 9.42194e-06 181 23 44 -21 
gene-STM3506::NC_003197.2:3664146-3666477(+) 1.51338e-05 292 33 54 -21 
gene-STM0494::NC_003197.2:553636-555289(+) 6.36727e-05 2450 67 88 -21 
gene-STM0516::NC_003197.2:576566-577385(+) 2.1621e-05 421 41 62 -21 
gene-STM0205::NC_003197.2:240609-241233(-) 1.85477e-05 340 37 58 -21 
gene-STM0141::NC_003197.2:164052-165096(+) 8.77201e-05 5165 74 95 -21 
gene-STM2189::NC_003197.2:2284961-2286482(-) 6.76855e-05 2794 69 90 -21 
gene-STM1212::NC_003197.2:1295926-1296486(+) 2.8651e-05 590 48 69 -21 
gene-STM1902::NC_003197.2:1997204-1997771(+) 1.95128e-05 383 39 60 -21 
gene-STM3275::NC_003197.2:3441265-3442162(+) 1.34958e-05 257 31 52 -21 
gene-STM0067::NC_003197.2:77046-80274(+) 2.80164e-05 585 48 69 -21 
gene-STM3667::NC_003197.2:3854620-3855421(-) 1.82989e-05 343 37 58 -21 
gene-STM3334::NC_003197.2:3503084-3504365(+) 1.4493e-05 278 32 53 -21 
gene-STM1277::NC_003197.2:1354426-1354774(-) 1.34091e-05 269 31 52 -21 
gene-STM2065::NC_003197.2:2138671-2140948(-) 7.6168e-05 3635 71 92 -21 
gene-STM2355::NC_003197.2:2465509-2466292(-) 1.6396e-05 317 35 56 -21 
gene-STM3064::NC_003197.2:3225595-3226656(+) 1.08688e-05 208 26 47 -21 
gene-STM0396::NC_003197.2:449378-450581(-) 1.13347e-05 216 27 48 -21 
gene-STM2270::NC_003197.2:2369992-2370643(+) 6.00796e-05 2044 66 86 -20 
gene-STM1103::NC_003197.2:1190962-1191823(+) 1.08793e-05 196 26 46 -20 
gene-STM2298::NC_003197.2:2405111-2407907(+) 4.02565e-05 908 56 76 -20 
gene-STM2042::NC_003197.2:2120318-2120840(+) 3.72019e-05 762 54 74 -20 
gene-STM2473::NC_003197.2:2582528-2583498(+) 1.09664e-05 197 26 46 -20 
gene-STM4459::NC_003197.2:4703513-4703975(-) 5.4863e-07 59 1 21 -20 
gene-STM1242::NC_003197.2:1329885-1330407(-) 8.37446e-06 163 21 41 -20 
gene-STM0873::NC_003197.2:945509-946506(+) 1.29923e-05 237 30 50 -20 
gene-PSLT052::NC_003277.2:43810-45990(+) 5.66411e-05 1695 64 84 -20 
gene-STM2425::NC_003197.2:2537784-2538783(+) 1.18643e-05 221 28 48 -20 
gene-STM3796A::NC_003197.2:3998637-3999498(+) 5.0849e-06 113 13 33 -20 
gene-STM3227::NC_003197.2:3395866-3396394(+) 1.59383e-06 65 3 23 -20 
gene-STM1676::NC_003197.2:1768797-1769667(-) 1.0598e-05 200 26 46 -20 
gene-STM4323::NC_003197.2:4567397-4569424(-) 2.32608e-05 436 43 63 -20 
gene-STM1301::NC_003197.2:1380443-1380860(-) 1.4668e-06 67 3 23 -20 
gene-STM3059::NC_003197.2:3220987-3221572(-) 6.96076e-05 2685 69 89 -20 
gene-STM2483::NC_003197.2:2597692-2598820(+) 2.33952e-05 431 43 63 -20 
gene-STM2572::NC_003197.2:2717588-2718437(+) 6.54177e-06 134 17 37 -20 
gene-STM4078::NC_003197.2:4288163-4289039(+) 0.000107214 10503 78 98 -20 
gene-STM2399::NC_003197.2:2512128-2513520(+) 1.63661e-06 67 3 23 -20 
gene-STM4030::NC_003197.2:4239661-4240416(-) 1.73136e-05 324 36 56 -20 
gene-STM3464::NC_003197.2:3613975-3614845(+) 1.88408e-05 339 38 58 -20 
gene-STM2783::NC_003197.2:2931216-2932230(-) 1.25856e-05 223 29 49 -20 
gene-STM1057::NC_003197.2:1144128-1146948(+) 6.75871e-05 2650 69 89 -20 
gene-PSLT099::NC_003277.2:77923-79840(+) 2.02655e-06 68 4 24 -20 
gene-STM0304::NC_003197.2:348610-349558(+) 1.81218e-05 326 37 57 -20 
gene-STM3645::NC_003197.2:3832817-3833480(+) 4.98445e-05 1285 61 81 -20 
gene-STM3758::NC_003197.2:3957734-3958199(-) 4.3559e-06 100 11 31 -20 
gene-STM3071::NC_003197.2:3233302-3233728(+) 4.06237e-06 100 11 31 -20 
gene-STM1857::NC_003197.2:1955003-1955423(-) 4.12577e-05 921 57 77 -20 
gene-STM0386::NC_003197.2:439256-440066(-) 5.51068e-05 1654 64 84 -20 
gene-STM1299::NC_003197.2:1378626-1379970(-) 2.52581e-05 473 45 65 -20 
gene-STM0214::NC_003197.2:250143-252848(-) 1.95097e-05 351 39 59 -20 
gene-STM4465::NC_003197.2:4707283-4708399(-) 2.0439e-05 375 40 60 -20 
gene-STM0628::NC_003197.2:692157-692730(+) 2.17349e-05 396 41 61 -20 
gene-STM3498::NC_003197.2:3653490-3654481(+) 3.08631e-05 613 50 70 -20 
gene-STM2332::NC_003197.2:2443301-2443901(+) 9.63851e-06 185 24 44 -20 
gene-STM2857::NC_003197.2:3001361-3002483(+) 3.31487e-05 656 51 71 -20 
gene-STM2211::NC_003197.2:2310491-2311295(+) 3.42219e-05 703 52 72 -20 
gene-STM1571::NC_003197.2:1653816-1654661(+) 5.95884e-07 57 1 20 -19 
gene-STM0696::NC_003197.2:758238-759009(-) 1.04315e-05 195 26 45 -19 
gene-STM3085::NC_003197.2:3248057-3248932(-) 2.11472e-06 69 5 24 -19 
gene-STM1125::NC_003197.2:1211968-1213477(+) 0.000125626 9094 79 98 -19 
gene-STM1058::NC_003197.2:1146948-1148124(+) 1.34282e-05 235 31 50 -19 
gene-STM0955::NC_003197.2:1030879-1031584(-) 4.94098e-06 107 13 32 -19 
gene-STM1965::NC_003197.2:2053738-2055004(+) 1.43256e-05 251 32 51 -19 
gene-STM1669::NC_003197.2:1761193-1763176(-) 1.53637e-06 63 3 22 -19 
gene-STM4320::NC_003197.2:4566014-4566347(+) 1.44707e-05 256 32 51 -19 
gene-STM3544::NC_003197.2:3713303-3714122(-) 5.79782e-06 118 15 34 -19 
gene-STM3252::NC_003197.2:3421444-3422354(-) 6.71085e-06 137 18 37 -19 
gene-STM0215::NC_003197.2:253052-253847(-) 9.47466e-05 5221 76 95 -19 
gene-STM4110::NC_003197.2:4324503-4327005(-) 6.1534e-06 127 16 35 -19 
gene-STM0057::NC_003197.2:67051-68494(-) 4.97364e-06 106 13 32 -19 
gene-STM1497::NC_003197.2:1573782-1574400(-) 1.55743e-06 61.0393 3 22 -19 
gene-STM3608::NC_003197.2:3781684-3782713(+) 3.99055e-06 92 10 29 -19 
gene-STM4131::NC_003197.2:4349911-4350763(+) 1.5517e-05 281.444 34 53 -19 
gene-STM0177::NC_003197.2:208382-208922(-) 1.5626e-07 53 0 19 -19 
gene-STM1993::NC_003197.2:2075829-2076525(-) 1.08694e-05 189 26 45 -19 
gene-STM0030::NC_003197.2:33363-34368(+) 1.11705e-06 59 2 21 -19 
gene-STM3804::NC_003197.2:4006395-4007095(-) 9.31088e-06 171 23 42 -19 
gene-STM3904::NC_003197.2:4111999-4113850(+) 2.2897e-05 407 43 62 -19 
gene-STM1207::NC_003197.2:1291142-1292586(+) 2.39598e-05 407 43 62 -19 
gene-STM3165::NC_003197.2:3325412-3326240(+) 1.64693e-05 295 35 54 -19 
gene-STM3922::NC_003197.2:4131691-4132791(+) 2.38606e-05 405 43 62 -19 
gene-STM2009::NC_003197.2:2091303-2092758(-) 5.3501e-05 1427 63 82 -19 
gene-STM3139::NC_003197.2:3302353-3304210(-) 2.08491e-05 365 40 59 -19 
gene-STM0393::NC_003197.2:443966-444875(+) 2.31505e-05 410 43 62 -19 
gene-STM3950::NC_003197.2:4154701-4155418(+) 1.32706e-05 226 30 49 -19 
gene-STM4228::NC_003197.2:4447667-4449212(-) 8.21966e-05 3776 73 92 -19 
gene-STM1307::NC_003197.2:1387243-1388212(+) 2.7143e-06 80 7 26 -19 
gene-STM1076::NC_003197.2:1168511-1168970(-) 5.51048e-05 1578 64 83 -19 
gene-STM1466::NC_003197.2:1539191-1540745(-) 6.64039e-05 2209 68 87 -19 
gene-STM3635::NC_003197.2:3820587-3822279(-) 2.90475e-05 562 49 68 -19 
gene-STM3957::NC_003197.2:4161635-4162570(+) 3.45923e-05 648 52 71 -19 
gene-STM2986::NC_003197.2:3137909-3138797(+) 8.64323e-06 163 22 41 -19 
gene-STM2502::NC_003197.2:2617006-2618548(+) 2.70419e-05 490 47 66 -19 
gene-STM4492::NC_003197.2:4738789-4741387(-) 3.25912e-05 625 51 70 -19 
gene-STM4097::NC_003197.2:4306033-4306696(-) 3.50259e-06 83 9 27 -18 
gene-STM3519::NC_003197.2:3681373-3682591(-) 1.38323e-05 233 31 49 -18 
gene-STM4424::NC_003197.2:4666984-4667905(+) 2.18848e-06 67 5 23 -18 
gene-STM1772::NC_003197.2:1870400-1871255(-) 8.21857e-05 3399 73 91 -18 
gene-STM0317::NC_003197.2:362679-363138(+) 5.78693e-05 1578 65 83 -18 
gene-STM3048::NC_003197.2:3206923-3207904(+) 7.86066e-05 2762 72 90 -18 
gene-STM0421::NC_003197.2:473599-474630(-) 5.09586e-06 102 13 31 -18 
gene-STM3533::NC_003197.2:3697990-3698746(-) 2.73325e-05 476 47 65 -18 
gene-STM4086::NC_003197.2:4294354-4295883(-) 8.50717e-05 3134 73 91 -18 
gene-STM0266::NC_003197.2:304665-305721(-) 1.6492e-06 59 3 21 -18 
gene-STM0962::NC_003197.2:1042192-1043536(+) 2.76292e-05 483 47 65 -18 
gene-STM0338::NC_003197.2:381035-383597(-) 2.2318e-06 65 5 23 -18 
gene-STM2036::NC_003197.2:2114395-2115307(-) 3.10986e-05 569 50 68 -18 
gene-STM0273::NC_003197.2:313933-314476(+) 9.33117e-07 58 2 20 -18 
gene-STM3773::NC_003197.2:3972560-3975359(-) 1.73238e-05 286 36 54 -18 
gene-STM2165::NC_003197.2:2260072-2260990(-) 3.69036e-06 86 10 28 -18 
gene-STM1347::NC_003197.2:1425388-1426435(-) 1.20162e-05 203.168 28 46 -18 
gene-STM3810::NC_003197.2:4010647-4010983(+) 1.8355e-05 302 37 55 -18 
gene-STM2259::NC_003197.2:2356416-2358903(-) 0.000122497 8468 79 97 -18 
gene-STM4188::NC_003197.2:4408264-4412035(+) 3.94555e-05 770 56 74 -18 
gene-STM2536::NC_003197.2:2676117-2677401(-) 6.05442e-05 1657 66 84 -18 
gene-STM4405::NC_003197.2:4642515-4643073(-) 7.29755e-06 137 19 37 -18 
gene-STM0229::NC_003197.2:267783-269548(+) 4.10247e-06 93 11 29 -18 
gene-STM2958::NC_003197.2:3106525-3109282(+) 1.85494e-05 302 37 55 -18 
gene-STM3909::NC_003197.2:4117389-4119221(+) 3.17049e-05 545 50 68 -18 
gene-STM1612::NC_003197.2:1701791-1702910(+) 2.59342e-06 71 6 24 -18 
gene-STM3026::NC_003197.2:3186659-3187736(-) 2.62285e-06 69 6 24 -18 
gene-STM2838::NC_003197.2:2982445-2983372(+) 2.40154e-05 389 43 61 -18 
gene-STM0392::NC_003197.2:442929-443841(-) 2.94801e-05 515 49 67 -18 
gene-STM0578::NC_003197.2:637030-637684(-) 5.44744e-05 1380 64 82 -18 
gene-STM2077::NC_003197.2:2155366-2156748(+) 8.74146e-06 153 22 40 -18 
gene-STM1547::NC_003197.2:1624185-1624674(+) 3.26224e-06 77 8 26 -18 
gene-STM0647::NC_003197.2:708522-709127(-) 4.19522e-05 820 57 75 -18 
gene-STM4566::NC_003197.2:4819638-4821189(-) 2.94126e-05 526 49 67 -18 
gene-STM4509::NC_003197.2:4763574-4764105(+) 6.66023e-06 127 17 35 -18 
gene-STM0977::NC_003197.2:1061477-1062566(+) 5.33721e-05 1361 63 81 -18 
gene-STM0111::NC_003197.2:129672-131073(-) 6.02652e-06 117 16 34 -18 
gene-STM3833::NC_003197.2:4036644-4037838(+) 6.26234e-06 117 16 34 -18 
gene-STM1897::NC_003197.2:1992623-1993223(+) 2.30174e-06 67 5 23 -18 
gene-STM0173::NC_003197.2:203103-203939(+) 1.44477e-05 237 32 50 -18 
gene-STM3723::NC_003197.2:3917870-3918905(-) 3.8788e-05 703 55 73 -18 
gene-STM0661::NC_003197.2:725560-726496(-) 1.43124e-05 236 32 50 -18 
gene-STM4404::NC_003197.2:4641785-4642526(+) 4.1413e-05 838 57 75 -18 
gene-STM1004::NC_003197.2:1096833-1098070(-) 2.94485e-05 524 49 67 -18 
gene-STM0789::NC_003197.2:854049-854775(+) 8.70343e-06 155 22 40 -18 
gene-STM2501::NC_003197.2:2614935-2617002(+) 4.79227e-05 1027 60 78 -18 
gene-STM1886::NC_003197.2:1979663-1981139(-) 7.27412e-05 2347 70 88 -18 
gene-STM0051::NC_003197.2:60163-61084(+) 6.26597e-05 1867 67 85 -18 
gene-STM2494::NC_003197.2:2607969-2609433(+) 3.27883e-05 597 51 69 -18 
gene-STM2995::NC_003197.2:3149651-3152540(-) 1.9384e-05 320 38 56 -18 
gene-STM4327::NC_003197.2:4572698-4573214(+) 1.87205e-05 322 38 56 -18 
gene-STM4295::NC_003197.2:4537653-4538415(-) 6.54438e-05 1933 68 86 -18 
gene-STM3921::NC_003197.2:4130429-4132061(+) 3.28091e-05 600 51 69 -18 
gene-STM0035::NC_003197.2:40130-41624(+) 6.34926e-06 125 17 35 -18 
gene-STM2670::NC_003197.2:2811477-2812646(-) 3.36541e-06 80.193 9 27 -18 
gene-STM3001::NC_003197.2:3158022-3158817(-) 3.50097e-05 597 52 69 -17 
gene-STM4300::NC_003197.2:4545380-4547027(-) 5.10504e-05 1142.64 62 79 -17 
gene-STM2887::NC_003197.2:3031539-3032610(-) 3.68917e-05 661 54 71 -17 
gene-STM4059::NC_003197.2:4269758-4270457(-) 3.95564e-05 722 56 73 -17 
gene-STM0759::NC_003197.2:823068-823455(-) 3.08167e-06 75 8 25 -17 
gene-STM0150::NC_003197.2:173379-174753(-) 6.77043e-06 125 18 35 -17 
gene-STM3330::NC_003197.2:3494529-3498990(+) 3.19149e-05 537 50 67 -17 
gene-STM2086::NC_003197.2:2166234-2167348(-) 6.03751e-05 1540 66 83 -17 
gene-STM2388::NC_003197.2:2498103-2501096(-) 1.72974e-05 281 36 53 -17 
gene-STM0308::NC_003197.2:351721-352503(-) 3.34285e-05 551 51 68 -17 
gene-STM3726::NC_003197.2:3921142-3921952(-) 6.79731e-06 123 18 35 -17 
gene-STM0515::NC_003197.2:576005-576488(+) 1.20031e-05 194 28 45 -17 
gene-STM3167::NC_003197.2:3327934-3328390(+) 3.26936e-05 551 51 68 -17 
gene-STM0101::NC_003197.2:117240-117936(-) 1.83339e-06 61 4 21 -17 
gene-STM1256::NC_003197.2:1340746-1341721(+) 1.21883e-05 189 28 45 -17 
gene-STM0011::NC_003197.2:10840-11245(-) 3.50829e-06 79 9 26 -17 
gene-STM3907::NC_003197.2:4115994-4116336(+) 1.74674e-05 275 36 53 -17 
gene-STM3095::NC_003197.2:3256945-3257981(+) 5.78484e-05 1404 65 82 -17 
gene-STM0702::NC_003197.2:766341-767144(-) 2.81484e-05 479 48 65 -17 
gene-STM3999::NC_003197.2:4206143-4209096(+) 6.16082e-05 1649 67 84 -17 
gene-STM3079::NC_003197.2:3240649-3241606(-) 9.65525e-06 162 24 41 -17 
gene-STM3782::NC_003197.2:3982241-3983600(-) 1.51167e-05 242 33 50 -17 
gene-STM2354::NC_003197.2:2464489-2465509(-) 6.78096e-05 1949 69 86 -17 
gene-STM1511::NC_003197.2:1588794-1589558(-) 5.33858e-05 1255 63 80 -17 
gene-STM4023::NC_003197.2:4233776-4234673(-) 3.37395e-06 80 9 26 -17 
gene-STM0168::NC_003197.2:196531-198142(+) 1.92704e-05 297 38 55 -17 
gene-STM0439::NC_003197.2:493354-494256(-) 6.47806e-05 1891 68 85 -17 
gene-STM3994::NC_003197.2:4202208-4202793(-) 5.12898e-06 99 13 30 -17 
gene-STM0609::NC_003197.2:671256-672904(+) 4.61976e-05 1000 60 77 -17 
gene-STM1105::NC_003197.2:1192346-1193160(+) 1.21115e-06 53 2 19 -17 
gene-STM0745::NC_003197.2:813430-814126(+) 4.07236e-05 721 56 73 -17 
gene-STM1316::NC_003197.2:1394934-1396290(+) 2.02686e-05 336 40 57 -17 
gene-STM0900::NC_003197.2:970001-971585(+) 2.79003e-06 70 7 24 -17 
gene-STM4453::NC_003197.2:4695117-4696770(-) 1.15679e-05 182 27 44 -17 
gene-PSLT061::NC_003277.2:50921-51686(+) 2.49308e-06 67 6 23 -17 
gene-STM2654::NC_003197.2:2794377-2795679(-) 6.02387e-06 113 16 33 -17 
gene-STM0033::NC_003197.2:37102-38674(-) 1.99574e-06 58 4 21 -17 
gene-STM4570::NC_003197.2:4825158-4825885(+) 9.29828e-05 3771 75 92 -17 
gene-STM4015::NC_003197.2:4224017-4225022(-) 3.79796e-06 84 10 27 -17 
gene-STM1684::NC_003197.2:1777862-1778924(-) 2.52434e-05 416 45 62 -17 
gene-STM1392::NC_003197.2:1476826-1479895(-) 9.13595e-06 157 23 40 -17 
gene-STM4064::NC_003197.2:4274598-4275354(+) 4.21272e-05 791 57 74 -17 
gene-STM4496::NC_003197.2:4747002-4750644(-) 6.67658e-05 2088 69 86 -17 
gene-STM0626::NC_003197.2:689659-690340(+) 4.92574e-06 97 13 30 -17 
gene-STM2023::NC_003197.2:2102966-2104278(-) 2.74123e-05 450 47 64 -17 
gene-STM2647::NC_003197.2:2786610-2787300(+) 2.23716e-05 350 42 59 -17 
gene-STM2429::NC_003197.2:2542304-2543066(+) 1.36133e-05 207 31 47 -16 
gene-STM4582::NC_003197.2:4839016-4840990(+) 3.32459e-05 525 51 67 -16 
gene-STM1657::NC_003197.2:1751270-1752425(-) 1.03886e-05 163 25 41 -16 
gene-STM0935::NC_003197.2:1010109-1011828(-) 1.59082e-05 239 34 50 -16 
gene-STM1451::NC_003197.2:1525730-1526336(-) 0.000118849 5333 79 95 -16 
gene-STM4126::NC_003197.2:4343992-4345393(-) 0.000103064 4380 77 93 -16 
gene-STM4044::NC_003197.2:4253819-4254968(-) 1.523e-05 234 33 49 -16 
gene-STM2094::NC_003197.2:2175114-2175666(-) 5.61391e-05 1254 64 80 -16 
gene-STM3514::NC_003197.2:3673923-3676317(-) 9.55766e-05 3968 76 92 -16 
gene-STM0458::NC_003197.2:515100-516156(-) 1.00051e-05 164 25 41 -16 
gene-STM0800::NC_003197.2:866946-869244(+) 5.96041e-05 1423 66 82 -16 
gene-STM2088::NC_003197.2:2168621-2169985(-) 4.26412e-05 784 58 74 -16 
gene-STM1599::NC_003197.2:1689947-1690718(-) 2.55821e-05 396 45 61 -16 
gene-STM1824::NC_003197.2:1921162-1922527(+) 7.91044e-06 129 20 36 -16 
gene-STM1008::NC_003197.2:1100138-1103310(-) 5.90885e-06 100.077 15 31 -16 
gene-STM0898::NC_003197.2:967913-968609(-) 4.62276e-05 893 60 76 -16 
gene-STM1488::NC_003197.2:1565093-1566314(+) 2.18433e-05 344 42 58 -16 
gene-STM2782::NC_003197.2:2929598-2930495(+) 8.76063e-05 2761 74 90 -16 
gene-STM0102::NC_003197.2:118076-119579(-) 1.00661e-06 48 2 18 -16 
gene-STM0456::NC_003197.2:512431-514132(-) 1.96752e-06 55 4 20 -16 
gene-STM1477::NC_003197.2:1552535-1554216(-) 7.39335e-06 125 19 35 -16 
gene-STM1375::NC_003197.2:1457979-1458981(+) 2.19158e-05 339 42 58 -16 
gene-STM4515::NC_003197.2:4769297-4770482(-) 6.59402e-06 111 17 33 -16 
gene-STM4118::NC_003197.2:4333321-4335055(-) 5.11844e-05 1019 62 78 -16 
gene-STM3179::NC_003197.2:3342916-3343498(+) 2.05952e-05 316 40 56 -16 
gene-STM0293::NC_003197.2:337829-338276(+) 2.63661e-05 422 46 62 -16 
gene-STM0982::NC_003197.2:1067622-1067958(+) 0.00015864 12138 83 99 -16 
gene-STM2648::NC_003197.2:2787415-2788453(-) 2.61982e-05 423 46 62 -16 
gene-STM1163::NC_003197.2:1248503-1249654(-) 4.81337e-05 958 61 77 -16 
gene-STM2360::NC_003197.2:2471263-2472661(-) 7.15346e-07 44 1 17 -16 
gene-STM0183::NC_003197.2:213397-215292(-) 1.24164e-05 195 29 45 -16 
gene-STM3360::NC_003197.2:3528034-3528505(+) 9.30002e-05 3137 75 91 -16 
gene-STM3592::NC_003197.2:3761625-3763095(+) 8.96878e-05 3129.25 75 91 -16 
gene-STM4207::NC_003197.2:4427621-4428344(-) 6.41356e-07 43 1 17 -16 
gene-STM2511::NC_003197.2:2624450-2625917(-) 6.42341e-05 1660 68 84 -16 
gene-STM2041::NC_003197.2:2119629-2120304(+) 7.46371e-06 124 19 35 -16 
gene-STM2878::NC_003197.2:3022077-3024088(-) 0.000140105 7921 81 97 -16 
gene-STM2457::NC_003197.2:2566334-2567249(-) 5.77327e-07 43 1 17 -16 
gene-STM0876::NC_003197.2:947562-948039(+) 4.4437e-05 854 59 75 -16 
gene-STM1135::NC_003197.2:1225054-1225993(+) 2.73336e-05 423 47 62 -15 
gene-STM2138::NC_003197.2:2232575-2233113(-) 3.44877e-06 69 9 24 -15 
gene-STM2076::NC_003197.2:2154647-2156136(+) 6.77342e-06 111 18 33 -15 
gene-STM0807::NC_003197.2:873391-874146(+) 5.97193e-05 1298 66 81 -15 
gene-STM1038::NC_003197.2:1124412-1125162(+) 6.41968e-06 109 17 32 -15 
gene-STM2882::NC_003197.2:3024685-3026743(-) 0.000211484 47059 86 101 -15 
gene-STM1608::NC_003197.2:1698355-1698952(-) 6.25151e-05 1454 67 82 -15 
gene-STM1742::NC_003197.2:1835616-1837636(-) 7.86273e-05 2320 72 87 -15 
gene-STM2333::NC_003197.2:2443992-2445819(-) 2.60552e-05 391 46 61 -15 
gene-STM0464::NC_003197.2:522282-523143(-) 2.62523e-05 392 46 61 -15 
gene-STM0187::NC_003197.2:217029-217734(-) 8.45168e-06 129 21 36 -15 
gene-STM2993::NC_003197.2:3144281-3149651(-) 1.4024e-05 196 31 46 -15 
gene-STM0536::NC_003197.2:598470-599010(-) 0.000116726 4181 78 93 -15 
gene-STM3681::NC_003197.2:3869691-3870573(+) 1.0423e-05 158 25 40 -15 
gene-STM4082::NC_003197.2:4291157-4291754(-) 9.52886e-06 152 24 39 -15 
gene-STM1064::NC_003197.2:1155172-1157373(+) 2.70758e-05 413 47 62 -15 
gene-STM2203::NC_003197.2:2302657-2303515(+) 2.54609e-05 377 45 60 -15 
gene-STM2456::NC_003197.2:2565665-2566325(-) 1.62104e-06 47 3 18 -15 
gene-STM2478::NC_003197.2:2587866-2589165(+) 1.03917e-05 157 25 40 -15 
gene-STM2683::NC_003197.2:2822302-2823266(+) 1.67684e-05 236 35 50 -15 
gene-STM0409::NC_003197.2:465308-465674(+) 7.14888e-06 121 19 34 -15 
gene-STM2135::NC_003197.2:2227454-2229566(+) 8.28105e-06 127 21 36 -15 
gene-STM1311::NC_003197.2:1391155-1391497(+) 8.14106e-05 2219 72 87 -15 
gene-STM2928::NC_003197.2:3069226-3070751(-) 3.38729e-05 532 52 67 -15 
gene-STM0245::NC_003197.2:285523-286339(-) 9.00117e-05 2871 75 90 -15 
gene-STM4567::NC_003197.2:4821430-4822228(+) 4.43589e-05 766 59 74 -15 
gene-STM1471::NC_003197.2:1546396-1547698(-) 5.81615e-06 98 15 30 -15 
gene-STM2793::NC_003197.2:2943013-2944414(+) 2.04289e-06 58 5 20 -15 
gene-STM0990::NC_003197.2:1076496-1077273(-) 5.44396e-06 93 14 29 -15 
gene-PSLT081::NC_003277.2:64632-66617(+) 3.26431e-06 66 8 23 -15 
gene-STM3529::NC_003197.2:3692504-3693614(-) 6.06547e-06 100 16 31 -15 
gene-STM1107::NC_003197.2:1194023-1195409(+) 3.27633e-06 66 8 23 -15 
gene-STM0404::NC_003197.2:459560-460625(+) 1.8971e-05 282 38 53 -15 
gene-STM2523::NC_003197.2:2656255-2657400(-) 8.95366e-05 2783 75 90 -15 
gene-STM0760::NC_003197.2:823774-824907(+) 6.43338e-05 1479.64 68 83 -15 
gene-STM0657::NC_003197.2:720349-721045(+) 2.88104e-06 62 7 22 -15 
gene-STM4469::NC_003197.2:4711764-4712769(-) 9.15978e-06 142 23 38 -15 
gene-STM3843::NC_003197.2:4048225-4049590(+) 6.47217e-06 107 17 32 -15 
gene-STM1450::NC_003197.2:1524811-1525886(+) 1.68394e-05 244 35 50 -15 
gene-STM2850::NC_003197.2:2995624-2996548(-) 1.84071e-06 52 4 19 -15 
gene-STM1702::NC_003197.2:1794339-1796274(+) 7.20833e-05 1866 70 85 -15 
gene-STM1320::NC_003197.2:1400065-1401457(-) 1.52409e-05 222 33 48 -15 
gene-STM1607::NC_003197.2:1697531-1698209(-) 5.46361e-05 1161 64 79 -15 
gene-STM2479::NC_003197.2:2589613-2591575(-) 1.88497e-05 274 38 53 -15 
gene-STM1958::NC_003197.2:2046370-2047576(-) 0.000118142 4175 79 93 -14 
gene-STM0316::NC_003197.2:360973-362431(-) 0.00015223 6634 82 96 -14 
gene-STM1903::NC_003197.2:1997767-1998586(+) 8.45516e-06 126 21 35 -14 
gene-STM2487::NC_003197.2:2602102-2602816(-) 6.08209e-05 1179 66 80 -14 
gene-STM2125::NC_003197.2:2212488-2213841(+) 9.98495e-06 152 25 39 -14 
gene-STM0086::NC_003197.2:98777-100640(+) 5.62158e-06 89 14 28 -14 
gene-STM2530::NC_003197.2:2662912-2665318(-) 1.94954e-05 281 39 53 -14 
gene-STM1664::NC_003197.2:1757882-1758485(-) 2.03556e-05 292 40 54 -14 
gene-STM1562::NC_003197.2:1643550-1643880(-) 6.08815e-05 1197 66 80 -14 
gene-STM0627::NC_003197.2:690393-691779(-) 4.70972e-06 77 12 26 -14 
gene-STM2015::NC_003197.2:2096292-2097222(-) 2.72003e-05 395 47 61 -14 
gene-STM1928::NC_003197.2:2023296-2025496(-) 5.68056e-06 89 15 29 -14 
gene-STM1952::NC_003197.2:2041357-2042026(-) 1.80883e-05 249 37 51 -14 
gene-STM2359::NC_003197.2:2469751-2471173(-) 4.88726e-06 82 13 27 -14 
gene-STM0179::NC_003197.2:209794-211024(+) 1.04272e-05 149 25 39 -14 
gene-STM1253::NC_003197.2:1337437-1337968(-) 2.18836e-05 314 42 56 -14 
gene-STM3585::NC_003197.2:3751845-3752970(-) 2.20103e-05 314 42 56 -14 
gene-STM2147::NC_003197.2:2241045-2241843(-) 8.92066e-06 129 22 36 -14 
gene-STM1692::NC_003197.2:1783671-1785475(+) 2.1237e-05 309 41 55 -14 
gene-STM4540::NC_003197.2:4798551-4799583(+) 0.000196729 18330 85 99 -14 
gene-STM2365::NC_003197.2:2477352-2478621(-) 4.51858e-05 718 59 73 -14 
gene-STM3630::NC_003197.2:3814433-3816194(-) 0.000119123 4259 79 93 -14 
gene-STM3225::NC_003197.2:3393506-3394788(+) 5.19146e-05 895 62 76 -14 
gene-STM2858::NC_003197.2:3002521-3003490(+) 4.79527e-05 779 60 74 -14 
gene-STM0171::NC_003197.2:201409-202072(-) 4.86321e-05 832 61 75 -14 
gene-STM4062::NC_003197.2:4272342-4273305(+) 0.000118669 4359 79 93 -14 
gene-STM1567::NC_003197.2:1647786-1648797(+) 0.000167563 8486 83 97 -14 
gene-STM4444::NC_003197.2:4685782-4686427(+) 4.79604e-06 78 12 26 -14 
gene-STM1123::NC_003197.2:1207130-1207584(-) 5.56537e-05 1074 64 78 -14 
gene-STM3367::NC_003197.2:3533304-3534234(+) 9.06678e-06 139 23 37 -14 
gene-STM3984::NC_003197.2:4191701-4193033(+) 9.28728e-05 2467 75 89 -14 
gene-STM4221::NC_003197.2:4440176-4441826(+) 9.42542e-05 3075 76 90 -14 
gene-STM0525::NC_003197.2:586701-587850(+) 3.86114e-06 72 10 24 -14 
gene-STM0123::NC_003197.2:143478-145273(+) 3.91955e-05 623 56 70 -14 
gene-STM2900::NC_003197.2:3044395-3044839(+) 0.000107169 3197 77 91 -14 
gene-STM4249::NC_003197.2:4470698-4471412(+) 0.000103047 3256 77 91 -14 
gene-STM4429::NC_003197.2:4672431-4673232(-) 1.73065e-06 48.6524 4 18 -14 
gene-STM1060::NC_003197.2:1148663-1149773(-) 1.19143e-05 167 28 42 -14 
gene-STM0787::NC_003197.2:851843-853339(+) 1.70277e-05 230 35 49 -14 
gene-STM4481::NC_003197.2:4724748-4725747(-) 1.11927e-07 34 0 14 -14 
gene-STM1454::NC_003197.2:1529182-1529875(-) 1.26024e-05 184 30 44 -14 
gene-STM1395::NC_003197.2:1481866-1483085(+) 4.22269e-07 38 1 15 -14 
gene-STM2073::NC_003197.2:2151914-2154054(+) 3.30826e-06 64 8 22 -14 
gene-STM3993::NC_003197.2:4201696-4202212(-) 2.60459e-06 55 6 20 -14 
gene-STM2438::NC_003197.2:2550586-2550967(+) 1.46439e-05 201 32 46 -14 
gene-STM2155::NC_003197.2:2249736-2251770(+) 8.72576e-05 2329 74 88 -14 
gene-STM3580::NC_003197.2:3747673-3748231(+) 7.5408e-05 1850 71 85 -14 
gene-STM3927::NC_003197.2:4136054-4138485(+) 1.28879e-05 188 30 44 -14 
gene-STM2533::NC_003197.2:2672905-2673934(+) 7.30492e-05 1887 71 85 -14 
gene-STM4210::NC_003197.2:4429593-4430547(-) 2.50179e-06 56 6 20 -14 
gene-STM3753::NC_003197.2:3950020-3951211(+) 3.75991e-05 577 54 68 -14 
gene-PSLT011::NC_003277.2:6670-7324(-) 2.71693e-06 56 7 20 -13 
gene-STM3307::NC_003197.2:3474901-3476161(-) 7.44339e-05 1723 71 84 -13 
gene-STM2346::NC_003197.2:2458406-2458961(-) 3.90918e-05 557 55 68 -13 
gene-STM3968::NC_003197.2:4174876-4175638(+) 8.10554e-05 1754 72 85 -13 
gene-STM4112::NC_003197.2:4327313-4328393(+) 2.94823e-06 56 7 20 -13 
gene-STM3775::NC_003197.2:3975954-3977337(+) 1.31116e-05 174 30 43 -13 
gene-STM4003::NC_003197.2:4210479-4210995(+) 5.95801e-05 1088 66 79 -13 
gene-STM3539::NC_003197.2:3708639-3709746(-) 7.79377e-05 1889 72 85 -13 
gene-STM2187::NC_003197.2:2282625-2283861(+) 3.25051e-05 452 51 64 -13 
gene-STM0172::NC_003197.2:202180-203503(+) 3.25224e-05 464 51 64 -13 
gene-STM2424::NC_003197.2:2536768-2537695(-) 6.09002e-06 92 16 29 -13 
gene-STM0683::NC_003197.2:742919-744133(-) 7.01717e-05 1590 70 83 -13 
gene-STM2081::NC_003197.2:2159357-2160786(-) 0.000165586 6044 83 96 -13 
gene-STM1378::NC_003197.2:1459916-1461329(-) 0.000112458 3354 78 91 -13 
gene-STM1427::NC_003197.2:1504225-1505374(-) 6.31724e-05 1173 67 80 -13 
gene-STM3467::NC_003197.2:3616333-3618421(+) 1.96785e-05 261 39 52 -13 
gene-STM0504::NC_003197.2:564017-564931(-) 4.27397e-05 661 58 71 -13 
gene-STM0830::NC_003197.2:896266-897195(-) 0.000150867 5167 82 95 -13 
gene-STM1566::NC_003197.2:1645803-1647581(+) 6.22014e-05 1253 67 80 -13 
gene-PSLT103::NC_003277.2:83208-84113(+) 0.000143194 4990 81 94 -13 
gene-STM2386::NC_003197.2:2496758-2497310(+) 5.21511e-06 84 14 27 -13 
gene-STM1014::NC_003197.2:1106246-1107230(+) 5.62498e-06 84 14 27 -13 
gene-STM0540::NC_003197.2:601817-602490(-) 5.33113e-06 83 14 27 -13 
gene-STM1478::NC_003197.2:1554216-1555161(-) 8.42084e-05 2078 73 86 -13 
gene-STM1696::NC_003197.2:1788153-1788960(+) 1.3374e-06 42 3 16 -13 
gene-STM3661::NC_003197.2:3846478-3847801(-) 2.85576e-05 389 48 61 -13 
gene-STM2532::NC_003197.2:2667762-2672697(-) 5.12693e-05 847 62 75 -13 
gene-STM0371::NC_003197.2:421688-423575(+) 1.7412e-06 43 4 17 -13 
gene-STM2590::NC_003197.2:2740857-2741505(-) 1.36629e-06 40 3 16 -13 
gene-STM4130::NC_003197.2:4348122-4350763(+) 8.96653e-05 2415.56 75 88 -13 
gene-STM1233::NC_003197.2:1320850-1321498(-) 4.00324e-05 605 56 69 -13 
gene-STM1462::NC_003197.2:1536296-1537478(+) 2.6394e-05 366 46 59 -13 
gene-STM4348::NC_003197.2:4592593-4593562(-) 5.22503e-05 875 63 76 -13 
gene-STM1995::NC_003197.2:2077565-2078951(+) 9.13276e-05 2463.09 75 88 -13 
gene-STM1723::NC_003197.2:1818543-1820106(+) 2.09781e-06 47 5 18 -13 
gene-STM1015::NC_003197.2:1107232-1107982(+) 2.13989e-06 47 5 18 -13 
gene-STM1379::NC_003197.2:1461730-1463074(-) 8.24753e-06 117 21 34 -13 
gene-STM0664::NC_003197.2:728011-728752(-) 2.9635e-05 414 49 62 -13 
gene-STM4416::NC_003197.2:4656685-4658065(+) 5.66732e-05 1035 65 78 -13 
gene-STM3327::NC_003197.2:3489618-3490272(-) 0.000197113 17691 86 99 -13 
gene-STM2083::NC_003197.2:2162429-2163863(-) 9.67579e-05 2538 76 89 -13 
gene-STM3955::NC_003197.2:4160075-4160960(-) 7.83604e-06 112 20 33 -13 
gene-STM3686::NC_003197.2:3877415-3879151(+) 9.89177e-05 2585 76 89 -13 
gene-STM4045::NC_003197.2:4255094-4255922(-) 1.08192e-06 35 2 15 -13 
gene-STM2295::NC_003197.2:2402595-2403021(+) 2.49835e-05 333 44 57 -13 
gene-STM2188::NC_003197.2:2283935-2284946(-) 9.52087e-05 2595 76 89 -13 
gene-STM3508::NC_003197.2:3666948-3667863(+) 1.29321e-05 179 30 43 -13 
gene-STM3534::NC_003197.2:3698923-3701371(-) 7.86951e-05 1915 72 85 -13 
gene-STM3558::NC_003197.2:3727947-3728665(-) 2.70365e-06 52 6 19 -13 
gene-STM4176::NC_003197.2:4392474-4394064(-) 3.29589e-05 448 51 64 -13 
gene-STM0654::NC_003197.2:717080-718076(-) 4.48161e-07 33 1 14 -13 
gene-STM2097::NC_003197.2:2177491-2178953(-) 7.86626e-05 1810 72 85 -13 
gene-STM1909::NC_003197.2:2002593-2004327(+) 6.77556e-05 1375 69 82 -13 
gene-STM4304::NC_003197.2:4549908-4551540(-) 1.09926e-05 157 27 40 -13 
gene-STM2799::NC_003197.2:2947228-2947670(-) 6.6842e-05 1413 69 82 -13 
gene-STM2651::NC_003197.2:2789882-2792543(+) 4.28826e-05 665 58 71 -13 
gene-STM1997::NC_003197.2:2079888-2081157(-) 4.38923e-06 70 11 24 -13 
gene-STM1324::NC_003197.2:1403726-1404587(-) 1.79363e-05 241 37 50 -13 
gene-STM0987::NC_003197.2:1074487-1075181(+) 4.42333e-05 669 58 71 -13 
gene-STM1583::NC_003197.2:1669497-1670163(-) 0.00012575 4359 80 93 -13 
gene-STM1982::NC_003197.2:2067423-2068047(+) 4.06034e-06 69 11 24 -13 
gene-STM4095::NC_003197.2:4303373-4305572(-) 1.05097e-05 148 26 39 -13 
gene-STM1235::NC_003197.2:1322738-1323211(-) 4.27189e-06 69 11 24 -13 
gene-STM4232::NC_003197.2:4453615-4454533(+) 0.000135736 4749 81 94 -13 
gene-STM3263::NC_003197.2:3432406-3433270(-) 1.77129e-05 223 36 49 -13 
gene-STM1549::NC_003197.2:1625997-1626387(-) 1.14547e-05 156 27 40 -13 
gene-STM3043::NC_003197.2:3203693-3204407(-) 4.57126e-05 700 59 72 -13 
gene-STM3699::NC_003197.2:3894129-3894951(-) 3.60578e-05 494 53 66 -13 
gene-STM0976::NC_003197.2:1060599-1061292(+) 2.6255e-06 48 6 18 -12 
gene-STM2043::NC_003197.2:2120849-2122682(+) 1.43812e-05 183 32 44 -12 
gene-STM4527::NC_003197.2:4784483-4785398(+) 3.37159e-05 447 52 64 -12 
gene-STM3228::NC_003197.2:3396394-3396804(+) 2.60196e-05 344 46 58 -12 
gene-STM1990::NC_003197.2:2072965-2073886(+) 3.4555e-06 58 9 21 -12 
gene-STM0147::NC_003197.2:169913-170768(+) 1.70775e-05 208 35 47 -12 
gene-STM4535::NC_003197.2:4794951-4795374(+) 2.25704e-05 293 42 54 -12 
gene-STM1661::NC_003197.2:1755270-1756218(+) 0.000115341 2815 78 90 -12 
gene-STM0357::NC_003197.2:403331-405290(+) 4.49222e-05 648 59 71 -12 
gene-STM0235::NC_003197.2:278219-278609(+) 1.68314e-05 208 35 47 -12 
gene-STM0161::NC_003197.2:190199-191153(+) 1.84223e-05 231 37 49 -12 
gene-STM3708::NC_003197.2:3902893-3903919(-) 0.00019217 7851 85 97 -12 
gene-STM3717::NC_003197.2:3912498-3913526(-) 3.43738e-05 451 52 64 -12 
gene-STM2445::NC_003197.2:2556597-2557418(-) 0.000180988 6667 84 96 -12 
gene-STM4508::NC_003197.2:4761843-4762857(-) 3.4527e-06 60 9 21 -12 
gene-STM3311::NC_003197.2:3477606-3478162(-) 4.84878e-05 757 61 73 -12 
gene-STM3086::NC_003197.2:3248932-3250909(-) 6.93591e-05 1348 69 81 -12 
gene-STM2614::NC_003197.2:2760470-2761157(+) 3.12769e-05 405.495 50 62 -12 
gene-STM1463::NC_003197.2:1537486-1538603(-) 8.08701e-05 1626 72 84 -12 
gene-STM1318::NC_003197.2:1397104-1399390(-) 1.7431e-05 217 36 48 -12 
gene-STM2994::NC_003197.2:3146113-3150036(-) 3.70764e-05 500 54 66 -12 
gene-STM0920::NC_003197.2:992244-992763(+) 0.000229747 13996 87 99 -12 
gene-STM3402::NC_003197.2:3574095-3574668(-) 1.60778e-05 200 34 46 -12 
gene-STM1468::NC_003197.2:1542177-1543991(+) 0.000220163 12454.4 87 99 -12 
gene-STM2141::NC_003197.2:2234962-2236015(-) 4.73188e-06 72 12 24 -12 
gene-STM2292::NC_003197.2:2399431-2400214(-) 4.80785e-06 72 12 24 -12 
gene-STM3924::NC_003197.2:4133122-4133675(+) 7.50465e-06 107 20 32 -12 
gene-STM2679::NC_003197.2:2819587-2820829(+) 7.77488e-06 106 20 32 -12 
gene-STM0013::NC_003197.2:13594-14734(+) 4.07386e-05 585 57 69 -12 
gene-STM4193::NC_003197.2:4415491-4416361(+) 2.57884e-05 324 45 57 -12 
gene-STM1539::NC_003197.2:1613793-1614897(-) 0.000104036 2668 77 89 -12 
gene-STM4347::NC_003197.2:4589248-4592575(-) 2.40449e-05 321 44 56 -12 
gene-STM4091::NC_003197.2:4299162-4300494(-) 0.00012903 3764 80 92 -12 
gene-STM3039::NC_003197.2:3198603-3199149(+) 2.60053e-05 341 46 58 -12 
gene-STM0940::NC_003197.2:1017517-1018486(-) 8.27862e-05 1858 73 85 -12 
gene-STM3606::NC_003197.2:3779479-3780082(-) 2.72363e-06 53 7 19 -12 
gene-STM1326::NC_003197.2:1405080-1406013(-) 5.84633e-05 925 65 77 -12 
gene-STM3725::NC_003197.2:3920635-3921115(+) 2.53941e-05 334 45 57 -12 
gene-STM2516::NC_003197.2:2647591-2648551(-) 1.58852e-06 35 3 15 -12 
gene-STM1075::NC_003197.2:1166421-1168476(+) 3.97448e-05 579 56 68 -12 
gene-STM1738::NC_003197.2:1832205-1832536(+) 0.000102471 2706 77 89 -12 
gene-STM4056::NC_003197.2:4267178-4267931(+) 1.13063e-05 150 27 39 -12 
gene-STM0165::NC_003197.2:194200-194995(-) 1.02826e-05 137 25 37 -12 
gene-PSLT101::NC_003277.2:79840-82678(+) 3.74537e-05 498 54 66 -12 
gene-STM0170::NC_003197.2:200815-201352(+) 8.6987e-05 2059 74 86 -12 
gene-STM1752::NC_003197.2:1847821-1848730(-) 9.80424e-05 2450 76 88 -12 
gene-STM1660::NC_003197.2:1754325-1755120(+) 9.93982e-05 2454 76 88 -12 
gene-STM1878::NC_003197.2:1971068-1971767(+) 3.9062e-05 535 55 67 -12 
gene-STM2335::NC_003197.2:2446565-2447060(-) 5.03556e-05 736 61 73 -12 
gene-STM0089::NC_003197.2:102282-102662(-) 2.01144e-05 250 39 51 -12 
gene-STM4417::NC_003197.2:4658555-4659389(+) 2.80428e-05 381 48 60 -12 
gene-STM0538::NC_003197.2:600566-601707(-) 4.03397e-06 66 11 23 -12 
gene-STM3834::NC_003197.2:4037952-4038849(+) 4.18835e-06 65 11 23 -12 
gene-STM0957::NC_003197.2:1033350-1035117(-) 3.87078e-05 537 55 67 -12 
gene-STM4046::NC_003197.2:4256064-4257324(-) 1.77971e-06 42 4 16 -12 
gene-STM3186::NC_003197.2:3348573-3350049(+) 0.0001178 3378 79 91 -12 
gene-STM1292::NC_003197.2:1370475-1370825(+) 6.57892e-05 1223 68 80 -12 
gene-STM1967::NC_003197.2:2055498-2055885(+) 3.53207e-05 474 53 65 -12 
gene-STM0414::NC_003197.2:468700-469240(-) 1.5626e-07 26 0 12 -12 
gene-STM3850::NC_003197.2:4057117-4057702(+) 5.26087e-05 867 63 75 -12 
gene-STM1640::NC_003197.2:1730463-1731264(-) 1.04914e-05 144 26 38 -12 
gene-STM3738::NC_003197.2:3930553-3931171(+) 1.28243e-05 166 30 42 -12 
gene-STM2347::NC_003197.2:2459017-2459569(-) 6.12008e-05 1166 67 79 -12 
gene-STM4294::NC_003197.2:4536176-4537514(-) 2.064e-05 268 40 52 -12 
gene-STM0239::NC_003197.2:280692-281578(+) 2.03421e-05 263 40 52 -12 
gene-STM0519::NC_003197.2:580140-581019(+) 4.33902e-06 67 11 23 -12 
gene-STM4071::NC_003197.2:4280254-4280521(-) 2.87261e-05 371 48 60 -12 
gene-STM4100::NC_003197.2:4309725-4310886(+) 2.11754e-05 276 41 53 -12 
gene-STM1548::NC_003197.2:1624905-1626039(+) 3.66009e-06 64 10 22 -12 
gene-STM0685::NC_003197.2:745260-747213(+) 0.000155229 4751 82 94 -12 
gene-STM4234::NC_003197.2:4455224-4456097(+) 4.59785e-05 655 59 71 -12 
gene-STM2570::NC_003197.2:2715207-2716569(-) 6.26981e-06 87 16 28 -12 
gene-STM1933::NC_003197.2:2027918-2028557(-) 1.65419e-06 32 3 14 -11 
gene-STM2035::NC_003197.2:2112418-2113798(-) 2.1585e-05 268 41 52 -11 
gene-STM4167::NC_003197.2:4384157-4385222(+) 5.12107e-05 704 62 73 -11 
gene-STM2385::NC_003197.2:2495660-2496593(-) 5.91511e-05 912 65 76 -11 
gene-STM0345::NC_003197.2:389499-389988(+) 1.88867e-06 36 4 15 -11 
gene-STM1338::NC_003197.2:1416667-1419059(+) 0.000155655 4859 83 94 -11 
gene-STM3997::NC_003197.2:4204211-4204835(+) 0.000143512 3638 81 92 -11 
gene-STM4451::NC_003197.2:4691985-4692570(-) 1.04045e-05 129 25 36 -11 
gene-STM1659::NC_003197.2:1753656-1754172(+) 1.17207e-05 150 28 39 -11 
gene-STM1150::NC_003197.2:1236406-1240478(+) 0.000146358 3543 81 92 -11 
gene-STM1479::NC_003197.2:1555687-1557217(+) 9.53925e-05 2188 76 87 -11 
gene-STM3459::NC_003197.2:3609839-3611863(+) 4.58611e-05 643 59 70 -11 
gene-STM4412::NC_003197.2:4651977-4653186(-) 3.17381e-06 50 8 19 -11 
gene-STM4262::NC_003197.2:4499208-4501275(+) 4.40087e-05 603 58 69 -11 
gene-STM3736::NC_003197.2:3928445-3929348(-) 4.52576e-06 67 12 23 -11 
gene-STM4593::NC_003197.2:4849529-4852067(-) 7.44691e-07 26 1 12 -11 
gene-STM1589::NC_003197.2:1677089-1678160(-) 2.70393e-05 339 47 58 -11 
gene-STM3267::NC_003197.2:3436350-3436926(+) 6.74634e-05 1229 69 80 -11 
gene-STM3550::NC_003197.2:3719394-3720429(+) 3.098e-06 53 8 19 -11 
gene-STM0310::NC_003197.2:355281-356072(+) 0.000115089 2697 78 89 -11 
gene-STM1091::NC_003197.2:1178218-1179904(-) 0.000229469 9899 87 98 -11 
gene-STM2020::NC_003197.2:2101195-2102011(-) 1.08572e-05 136 26 37 -11 
gene-STM0995::NC_003197.2:1085022-1086864(+) 6.9229e-05 1204 69 80 -11 
gene-STM1813::NC_003197.2:1911661-1911994(-) 7.9084e-05 1574 72 83 -11 
gene-STM2786::NC_003197.2:2934593-2935571(+) 0.000254218 17015 88 99 -11 
gene-STM4580::NC_003197.2:4835826-4837059(+) 4.75773e-05 662 60 71 -11 
gene-STM2831::NC_003197.2:2976978-2978058(-) 1.88905e-05 233 38 49 -11 
gene-STM3401::NC_003197.2:3573272-3574091(-) 2.25874e-05 274 42 53 -11 
gene-STM0487::NC_003197.2:543904-545811(+) 0.000253036 12486 88 99 -11 
gene-STM1981::NC_003197.2:2066347-2067142(+) 1.95859e-06 38 4 15 -11 
gene-STM0570::NC_003197.2:627195-629189(+) 2.68651e-05 327 46 57 -11 
gene-STM0442::NC_003197.2:495189-497181(-) 0.000239483 13145 88 99 -11 
gene-STM2988::NC_003197.2:3139764-3140862(-) 1.72765e-05 211 36 47 -11 
gene-STM1470::NC_003197.2:1545391-1546321(-) 6.77139e-06 94 18 29 -11 
gene-STM4128::NC_003197.2:4346242-4346602(+) 0.000157093 4653 83 94 -11 
gene-STM0181::NC_003197.2:211505-212360(-) 3.74757e-05 470 54 65 -11 
gene-STM3626::NC_003197.2:3810341-3812335(-) 5.28667e-05 771 63 74 -11 
gene-STM1693::NC_003197.2:1785317-1787159(+) 9.13503e-06 121 23 34 -11 
gene-STM1766::NC_003197.2:1864275-1866187(+) 1.75703e-05 213 36 47 -11 
gene-STM3685::NC_003197.2:3875278-3877195(+) 0.000106828 2455 77 88 -11 
gene-STM4195::NC_003197.2:4416727-4417669(-) 6.28289e-06 81 16 27 -11 
gene-STM1712::NC_003197.2:1804748-1807424(-) 0.000134405 3260 80 91 -11 
gene-STM1228::NC_003197.2:1314639-1315974(+) 1.11513e-05 141 27 38 -11 
gene-STM2039::NC_003197.2:2117234-2117936(+) 2.80214e-05 360 48 59 -11 
gene-STM2001::NC_003197.2:2082347-2083246(+) 6.43987e-05 1088 68 79 -11 
gene-STM2278::NC_003197.2:2383796-2384927(+) 0.000156102 4607 83 94 -11 
gene-STM3617::NC_003197.2:3797429-3798539(-) 7.17288e-06 96 19 30 -11 
gene-STM2191::NC_003197.2:2288112-2289135(-) 4.13134e-05 565 57 68 -11 
gene-PSLT018::NC_003277.2:13568-14087(-) 3.23815e-06 51 8 19 -11 
gene-STM0774::NC_003197.2:838375-839524(-) 4.3545e-05 587 58 69 -11 
gene-STM3305::NC_003197.2:3473353-3474325(+) 6.02155e-05 971 66 77 -11 
gene-STM1119::NC_003197.2:1205210-1205807(-) 6.16488e-05 1052 67 78 -11 
gene-STM4094::NC_003197.2:4302193-4303219(-) 3.45063e-05 427 52 63 -11 
gene-STM2503::NC_003197.2:2618583-2620797(-) 3.31097e-06 51 8 19 -11 
gene-STM3887::NC_003197.2:4097520-4098948(-) 2.95007e-06 48 7 18 -11 
gene-STM0490::NC_003197.2:547875-548847(-) 1.12974e-07 23 0 11 -11 
gene-STM1899::NC_003197.2:1993782-1994552(-) 8.17646e-05 1710 73 84 -11 
