STRG.104.1::NC_003197.2:1862523-1863940(-) 0.000123685 2327 9 58 -49 
STRG.236.1::NC_003197.2:4266508-4267188(+) 8.13007e-05 1570 3 49 -46 
STRG.112.1::NC_003197.2:2029363-2029998(+) 0.00174329 39941 67 112 -45 
STRG.29.1::NC_003197.2:543915-545820(+) 0.000960795 7789 52 91 -39 
STRG.73.1::NC_003197.2:1390107-1390962(-) 8.75469e-05 1060 3 42 -39 
STRG.61.1::NC_003197.2:1177793-1179947(-) 0.00113252 8442 55 92 -37 
STRG.265.1::NC_003197.2:4752688-4753449(-) 0.000176903 1514 13 49 -36 
STRG.2.1::NC_003197.2:11494-14752(+) 0.00144881 11017 62 97 -35 
STRG.266.1::NC_003197.2:4786297-4789811(-) 9.28204e-05 995 4 38 -34 
STRG.190.1::NC_003197.2:3265437-3266545(-) 0.00164657 11375 65 99 -34 
STRG.43.1::NC_003197.2:958830-962543(-) 0.000261574 1907 22 55 -33 
STRG.17.1::NC_003197.2:360918-363145(-) 0.000755372 4300 46 74 -28 
STRG.34.1::NC_003197.2:795950-797573(-) 0.00256865 25893 81 108 -27 
STRG.102.1::NC_003197.2:1832192-1845829(+) 0.00125104 6297 57 83 -26 
STRG.60.1::NC_003197.2:1173788-1174925(-) 0.00158776 7544 64 90 -26 
STRG.141.1::NC_003197.2:2579229-2585820(-) 0.00173822 8040 66 92 -26 
STRG.55.1::NC_003197.2:1144091-1146761(+) 0.000258243 1509 22 48 -26 
STRG.237.1::NC_003197.2:4272299-4273297(+) 0.00047845 2611 35 60 -25 
STRG.39.1::NC_003197.2:897358-898032(-) 0.00158676 6918 63 88 -25 
STRG.262.1::NC_003197.2:4703043-4704922(-) 0.000647887 3712 43 68 -25 
STRG.51.1::NC_003197.2:1089767-1090972(-) 0.000654331 3767.51 44 69 -25 
STRG.251.1::NC_003197.2:4440093-4441916(+) 0.000374513 2048 32 56 -24 
STRG.37.1::NC_003197.2:836354-837182(-) 0.000873703 4139 48 72 -24 
STRG.115.1::NC_003197.2:2068024-2079570(+) 0.000349867 1764 30 53 -23 
STRG.202.1::NC_003197.2:3547004-3551939(+) 0.00181366 7934 68 91 -23 
STRG.263.1::NC_003197.2:4704935-4716928(-) 0.00020676 1012 16 39 -23 
STRG.200.1::NC_003197.2:3526674-3527793(-) 0.00288735 20304 83 105 -22 
STRG.67.1::NC_003197.2:1324248-1325645(+) 0.00364924 31932 88 110 -22 
STRG.94.1::NC_003197.2:1775559-1776125(+) 0.00132864 5758 59 80 -21 
STRG.186.1::NC_003197.2:3236385-3238455(-) 0.00200223 8595 72 93 -21 
STRG.147.1::NC_003197.2:2698474-2702088(+) 0.00012144 644 8 28 -20 
STRG.23.1::NC_003197.2:467532-468469(-) 0.00013327 702 10 30 -20 
STRG.201.1::NC_003197.2:3527952-3528511(+) 0.000340249 1406 29 48 -19 
STRG.219.1::NC_003197.2:3832793-3833486(+) 0.000204306 817 15 34 -19 
STRG.156.1::NC_003197.2:2807649-2808038(+) 0.00120284 4627 56 75 -19 
STRG.216.1::NC_003197.2:3747647-3748197(+) 0.000271636 1077 23 42 -19 
STRG.108.1::NC_003197.2:1928429-1935961(+) 0.00231513 8883 75 93 -18 
STRG.122.1::NC_003197.2:2249734-2251782(+) 0.000339352 1307 28 46 -18 
STRG.21.1::NC_003197.2:433540-434649(-) 0.000145526 679 11 29 -18 
STRG.58.1::NC_003197.2:1168460-1168978(-) 0.000240089 990 20 38 -18 
STRG.192.1::NC_003197.2:3294381-3295878(-) 0.00023422 848 18 35 -17 
STRG.185.1::NC_003197.2:3229496-3233052(-) 0.00392138 20732 89 106 -17 
STRG.128.1::NC_003197.2:2367177-2390037(+) 0.00238394 9341 77 94 -17 
STRG.91.1::NC_003197.2:1740058-1743991(+) 0.000938764 3545 51 67 -16 
STRG.218.1::NC_003197.2:3767641-3769945(+) 0.000476031 1604 35 51 -16 
STRG.63.1::NC_003197.2:1247660-1250993(-) 0.000897905 3262 50 65 -15 
STRG.68.1::NC_003197.2:1334046-1334483(-) 0.000112679 458 7 22 -15 
STRG.93.1::NC_003197.2:1753616-1756543(+) 0.000881933 3076 49 64 -15 
STRG.57.1::NC_003197.2:1160944-1162131(-) 0.00551845 50468 99 114 -15 
STRG.15.1::NC_003197.2:280036-288098(-) 0.00160717 5412 64 79 -15 
STRG.238.1::NC_003197.2:4290075-4296794(-) 0.00256308 9613 80 95 -15 
STRG.226.1::NC_003197.2:4009376-4010427(-) 0.000116478 404 7 21 -14 
STRG.217.1::NC_003197.2:3760713-3761392(+) 0.00337258 11300 84 98 -14 
STRG.174.1::NC_003197.2:3078002-3094871(-) 0.000266755 957 23 37 -14 
STRG.50.1::NC_003197.2:1088389-1089617(-) 0.000582176 1979 41 55 -14 
STRG.228.1::NC_003197.2:4038812-4045290(-) 0.00186231 6232 69 83 -14 
STRG.253.1::NC_003197.2:4450864-4454550(+) 0.00542504 37590 98 112 -14 
STRG.92.1::NC_003197.2:1746120-1746541(+) 0.00195598 6521 71 85 -14 
STRG.210.1::NC_003197.2:3656514-3666774(+) 0.00520074 32689 96 110 -14 
STRG.145.1::NC_003197.2:2622761-2625928(-) 0.000558862 1781 40 53 -13 
STRG.137.1::NC_003197.2:2515990-2517293(-) 9.00905e-05 286 4 17 -13 
STRG.130.1::NC_003197.2:2402710-2420595(+) 0.000805734 2663 47 60 -13 
STRG.71.1::NC_003197.2:1364131-1364963(+) 0.0023395 7075 76 89 -13 
STRG.208.1::NC_003197.2:3615495-3616344(+) 0.000921482 2955 51 63 -12 
STRG.62.1::NC_003197.2:1204970-1205844(-) 0.000332757 1015 27 39 -12 
STRG.90.1::NC_003197.2:1697564-1698208(-) 0.000214516 690 17 29 -12 
STRG.31.1::NC_003197.2:677348-677855(-) 0.000893263 2915 50 62 -12 
STRG.84.1::NC_003197.2:1643542-1643933(-) 0.000240854 775 20 32 -12 
STRG.252.1::NC_003197.2:4446702-4450561(-) 0.00487134 22431 95 107 -12 
STRG.1.1::NC_003197.2:7628-8608(+) 0.00188533 6048 70 81 -11 
STRG.52.1::NC_003197.2:1091462-1092927(-) 0.00118203 3652 56 67 -11 
STRG.36.1::NC_003197.2:823755-824822(+) 0.000243547 763 21 32 -11 
STRG.79.1::NC_003197.2:1509360-1510029(-) 0.00215461 6379 74 85 -11 
