STRG.142.1::NC_003197.2:2596819-2597024(-) 0.00413955 15 91 2 89 
STRG.116.1::NC_003197.2:2079035-2079570(-) 0.00549619 442 99 22 77 
STRG.46.1::NC_003197.2:1030359-1030592(-) 0.00357457 171 87 10 77 
STRG.214.1::NC_003197.2:3688715-3690247(+) 0.00127719 67 57 5 52 
STRG.220.1::NC_003197.2:3836296-3836693(+) 0.0143751 2814 113 62 51 
STRG.45.1::NC_003197.2:1021776-1022099(-) 0.00354415 928 86 37 49 
STRG.5.1::NC_003197.2:52243-52663(-) 0.0086528 2605 108 59 49 
STRG.85.1::NC_003197.2:1645406-1645618(+) 0.00242386 815 79 33 46 
STRG.173.1::NC_003197.2:3077756-3077915(-) 0.00132543 192 58 12 46 
STRG.241.1::NC_003197.2:4305629-4306010(+) 0.00242673 821 79 34 45 
STRG.215.1::NC_003197.2:3735921-3745349(-) 0.00573673 2068 101 57 44 
STRG.203.1::NC_003197.2:3555251-3556599(+) 0.00211694 706 73 31 42 
STRG.135.1::NC_003197.2:2501731-2502057(-) 0.00734372 3542 105 66 39 
STRG.204.1::NC_003197.2:3565570-3565822(+) 0.000556572 59 39 4 35 
STRG.199.1::NC_003197.2:3512372-3513438(-) 0.00751292 4105 106 71 35 
STRG.155.1::NC_003197.2:2802113-2807447(-) 0.0117449 5090 111 78 33 
STRG.126.1::NC_003197.2:2326365-2326711(+) 0.00545373 3352 98 65 33 
STRG.225.1::NC_003197.2:3922061-3922603(-) 0.00461368 2773 93 61 32 
STRG.82.1::NC_003197.2:1580612-1581690(-) 0.00168331 1052 65 41 24 
STRG.157.1::NC_003197.2:2814829-2816947(-) 0.00735085 5851 105 81 24 
STRG.117.1::NC_003197.2:2133631-2134140(-) 0.000618761 320 42 18 24 
STRG.26.1::NC_003197.2:500969-501268(+) 0.000742024 466 46 23 23 
STRG.246.1::NC_003197.2:4363040-4383392(-) 0.000796593 497 47 24 23 
STRG.143.1::NC_003197.2:2603054-2604931(-) 0.00419704 3937 92 70 22 
STRG.169.1::NC_003197.2:2978090-3006255(-) 0.000446221 189 34 12 22 
STRG.80.1::NC_003197.2:1511191-1511628(+) 0.00102232 705 52 30 22 
STRG.240.1::NC_003197.2:4297084-4297549(+) 0.00155499 1050 63 41 22 
STRG.136.1::NC_003197.2:2502350-2504662(-) 0.000513424 248 37 16 21 
STRG.70.1::NC_003197.2:1335459-1336025(+) 0.000379774 178 32 11 21 
STRG.9.1::NC_003197.2:189571-190037(+) 0.00029003 51 25 4 21 
STRG.239.1::NC_003197.2:4297082-4303262(-) 0.00419222 4147 92 72 20 
STRG.269.1::NC_003197.2:4855356-4856567(-) 0.00367907 3754 88 68 20 
STRG.172.1::NC_003197.2:3065481-3071859(-) 0.00793582 6751 107 87 20 
STRG.260.1::NC_003197.2:4643256-4643628(+) 0.00465024 4740 94 76 18 
STRG.99.1::NC_003197.2:1809758-1818281(-) 0.00153629 1216 62 45 17 
STRG.222.1::NC_003197.2:3870850-3880065(-) 0.000539932 416 38 21 17 
STRG.56.1::NC_003197.2:1157840-1160257(-) 0.000480817 347 36 19 17 
STRG.18.1::NC_003197.2:366303-368892(+) 0.00106212 869 53 36 17 
STRG.111.1::NC_003197.2:1940039-1956845(-) 0.00262588 3463 82 66 16 
STRG.27.1::NC_003197.2:501455-502984(+) 0.00925332 8913 110 94 16 
STRG.152.1::NC_003197.2:2785874-2786446(-) 0.0119404 9864 112 96 16 
STRG.247.1::NC_003197.2:4386627-4387011(+) 0.00449666 5046 93 78 15 
STRG.40.1::NC_003197.2:899509-900077(+) 0.00331493 3909 84 69 15 
STRG.97.1::NC_003197.2:1799789-1800199(+) 0.000305211 178 26 11 15 
STRG.235.1::NC_003197.2:4217185-4219249(+) 0.00171927 1615 66 51 15 
STRG.42.1::NC_003197.2:944864-945361(-) 0.00138142 1378 61 47 14 
STRG.148.1::NC_003197.2:2708247-2728697(-) 0.00230203 2681 75 61 14 
STRG.257.1::NC_003197.2:4594786-4595372(+) 0.000247269 96 21 7 14 
STRG.106.1::NC_003197.2:1909546-1909795(-) 0.000346611 241 29 15 14 
STRG.119.1::NC_003197.2:2145805-2147374(-) 0.000381744 359 33 20 13 
STRG.83.1::NC_003197.2:1587567-1589548(-) 0.00234868 3063 76 63 13 
STRG.167.1::NC_003197.2:2966243-2974177(-) 0.00405313 4898.32 90 77 13 
STRG.30.1::NC_003197.2:670079-672869(+) 0.00346296 4276 85 73 12 
STRG.231.1::NC_003197.2:4117334-4141329(+) 0.00793349 9457 107 95 12 
STRG.161.1::NC_003197.2:2843952-2844287(+) 0.000193744 14 14 2 12 
STRG.187.1::NC_003197.2:3238616-3251393(+) 0.000226032 93 18 6 12 
STRG.53.1::NC_003197.2:1092939-1106712(+) 0.000368154 349 31 19 12 
STRG.258.1::NC_003197.2:4596229-4614342(+) 0.00978948 11718 110 99 11 
STRG.159.1::NC_003197.2:2826450-2826989(+) 0.000425223 480 34 23 11 
